1  53
1  21  -24.1759  16.5547  2.96855  29.4507  0  0  0  0  0.442445  112  115
2  2  509.252  -466.348  -1086.14  1287.06  0.33  0  0  0  0  102  0
3  21  58.8208  -44.2293  -78.4488  107.566  0  0  0  0  49.2419  118  116
4  2  -280.642  259.414  -64.1423  387.517  0.33  0  0  0  0  101  0
5  2  -25.6307  1.67727  42.1859  49.3913  0.33  0  0  0  49.2787  107  0
6  -2  -119.608  140.702  -32.6683  187.538  0.33  0  0  0  0.198362  0  105
7  21  3.16657  -4.41365  -40.6779  41.039  0  0  0  0  0.201238  106  113
8  21  -1.07899  2.53167  -0.168274  2.75716  0  0  0  0  49.4692  103  147
9  21  -26.7242  30.1068  0.322775  40.258  0  0  0  0  0.228784  105  112
10  21  -2.65398  10.7196  -3.22023  11.5032  0  0  0  0  0.233524  121  129
11  21  -0.280752  -2.3154  -5.8322  6.28128  0  0  0  0  0.273251  113  138
12  21  -138.072  95.5805  -16.5831  168.744  0  0  0  0  0.04292  115  103
13  21  14.7054  -13.959  -34.6159  40.1168  0  0  0  0  50.2272  120  102
14  21  -2.07083  3.99484  13.5245  14.2534  0  0  0  0  49.6303  117  132
15  21  4.37666  -7.40126  -13.9243  16.3652  0  0  0  0  49.5319  104  127
16  21  39.8444  -28.7786  -63.6252  80.3987  0  0  0  0  49.5547  116  120
17  21  -1.14877  0.911831  1.34938  1.99297  0  0  0  0  0.406018  114  121
18  21  0.550506  3.02534  -5.88881  6.64333  0  0  0  0  0.370851  129  146
19  21  -0.553464  3.03074  622.299  622.306  0  0  0  0  0  131  134
20  21  -5.17535  -1.48886  13.9466  14.9502  0  0  0  0  49.3382  132  107
21  21  -7.30483  -3.26867  11.4254  13.9494  0  0  0  0  6.62102  108  110
22  2  8.77227  3.51245  -0.35686  9.46183  0.33  0  0  0  6.64597  109  0
23  2  -4.71226  1.65367  57.3875  57.6053  0.33  0  0  0  0  110  0
24  21  -0.241112  -0.232342  0.576455  0.666647  0  0  0  0  1.8561  150  108
25  21  -2.35519  -2.52611  27.5981  27.8133  0  0  0  0  0  122  144
26  1  3.87662  4.76466  6.47731  8.93278  0.33  0  0  0  0.111124  123  0
27  21  -3.10269  -1.99392  -1.6621  4.04536  0  0  0  0  0  130  133
28  21  2.19824  -4.08625  -5.87737  7.4882  0  0  0  0  0.117897  127  118
29  -1  -3.53903  1.13019  -11.585  12.1706  0.33  0  0  0  0  0  126
30  21  -0.255473  0.553604  15.9667  15.9783  0  0  0  0  0  148  122
31  21  -2.5754  -3.23774  0.841085  4.22174  0  0  0  0  12.7372  133  143
32  21  2.66525  0.799772  1.31898  3.07943  0  0  0  0  12.818  136  104
33  21  0.35131  0.0227218  27.2795  27.2817  0  0  0  0  0  134  149
34  21  -1.96493  -0.164863  -3.67718  4.1725  0  0  0  0  0  138  130
35  21  2.12852  -2.0523  2.07551  3.61252  0  0  0  0  0.225476  142  136
36  21  -1.02862  -0.451145  363.339  363.341  0  0  0  0  0  140  131
37  21  -0.807375  1.27188  1.86839  2.40009  0  0  0  0  139.597  147  117
38  2  1.17262  0.642294  -14.8656  14.9293  0.33  0  0  0  0  141  0
39  21  0.158564  0.743829  24.3075  24.3194  0  0  0  0  18.5709  149  148
40  21  -0.00217588  -1.72406  0.40939  1.772  0  0  0  0  10.8585  143  114
41  21  0.272232  1.52439  -6.3634  6.5491  0  0  0  0  10.6752  146  101
42  3  1.1428  0.510029  -7.47987  7.6003  0.5  0  0  0  0  126  0
43  21  0.988859  1.3425  6.04934  6.27492  0  0  0  0  0  144  142
44  1  0.534471  0.536419  765.187  765.187  0.33  0  0  0  0  152  0
45  2101  0.174945  0.667317  -231.021  231.022  0.57933  0  0  0  0  0  150
46  -2  -0.0451358  0.657817  -19.9276  19.9412  0.33  0  0  0  0  0  141
47  -1  0.335006  0.0924591  -15.5337  15.5411  0.33  0  0  0  0  0  155
48  1  0.272656  -0.212895  -54.636  54.6381  0.33  0  0  0  0  155  0
49  -2  -0.307405  0.16605  -187.968  187.969  0.33  0  0  0  0  0  106
50  -3  0.295762  0.0434648  -1.81357  1.90483  0.5  0  0  0  0  0  109
51  -3  0.1  0.2  -0.1  0.556776  0.5  0  0  0  100  0  123
52  -3  0.1  0.2  -0.1  0.556776  0.5  0  0  0  100  0  140
53  -3  0.1  0.2  -0.1  0.556776  0.5  0  0  0  100  0  152
2  29
1  1  272.829  362.685  391.563  599.415  0.33  0  0  0  0  104  0
2  1  -204.438  -194.693  5.26888  282.362  0.33  0  0  0  0.00689026  114  0
3  21  -183.34  -338.974  172.472  422.212  0  0  0  0  0  115  106
4  5  196.239  280.266  190.325  391.542  4.8  0  0  0  0.0326731  102  0
5  -5  42.517  44.9895  50.2843  79.8956  4.8  0  0  0  0.239511  0  107
6  21  -34.9915  -64.6549  24.9302  77.6284  0  0  0  0  0.584434  106  103
7  21  10.6174  18.4112  20.6379  29.6247  0  0  0  0  0.71737  107  104
8  21  -2.63396  -0.470391  -89.9027  89.9425  0  0  0  0  3.34607  108  122
9  21  -37.2878  -30.7874  0.0749927  48.3554  0  0  0  0  2.84136  103  121
10  21  -6.87394  -6.85151  8.47174  12.8827  0  0  0  0  0.462836  101  120
11  21  -10.1701  -23.4424  11.9621  28.2147  0  0  0  0  0.205315  120  115
12  21  -45.0032  -45.1864  0.260444  63.7743  0  0  0  0  1.32733  121  114
13  21  0.211552  -2.85643  -33.0493  33.1732  0  0  0  0  5.42489  122  130
14  21  1.19219  -1.68927  17.0409  17.1659  0  0  0  0  1.69228  109  135
15  21  -3.36688  1.24752  18.0478  18.4015  0  0  0  0  0.344814  112  101
16  21  0.193299  -0.0898373  0.120128  0.244675  0  0  0  0  1.77818  110  118
17  21  0.584142  1.52943  138.71  138.719  0  0  0  0  0  117  131
18  21  2.35677  1.01775  13.5759  13.8165  0  0  0  0  1.78793  111  124
19  21  -1.25589  -2.19451  134.827  134.851  0  0  0  0  11.7148  119  109
20  21  3.51262  2.61931  0.945952  4.48264  0  0  0  0  0  118  102
21  21  -0.714542  -2.19598  -3.87636  4.5121  0  0  0  0  2411.79  126  110
22  21  1.86191  1.03772  9.86835  10.0959  0  0  0  0  2411.45  124  112
23  21  0.886232  -1.09804  218.585  218.59  0  0  0  0  0  132  117
24  21  0.45281  2.45072  87.4845  87.52  0  0  0  0  0  131  119
25  21  -3.7875  -0.841523  -10.874  11.5454  0  0  0  0  3.08648  130  126
26  21  0.319035  -0.023318  3.31506  3.33046  0  0  0  0  13.5869  135  111
27  21  0.0245608  -0.0738594  30.3816  30.3817  0  0  0  0  0  136  132
28  2203  0.546103  -0.0872454  377.934  377.936  0.77133  0  0  0  0  0  136
29  2203  -0.480659  -0.0442049  -1789.39  1789.39  0.77133  0  0  0  0  0  108
3  36
1  1  204.044  401.905  -171.253  482.171  0.33  0  0  0  0  122  0
2  2  -316.162  -594.101  -414.64  790.469  0.33  0  0  0  0  120  0
3  21  6.63663  -21.1313  0.401605  22.1526  0  0  0  0  0.0774273  108  132
4  21  -11.0462  3.73864  5.18229  12.7613  0  0  0  0  0.0373991  105  117
5  21  4.54152  6.33047  -3.30885  8.46456  0  0  0  0  0.0408435  106  101
6  21  -12.5525  -3.33714  36.6076  38.8435  0  0  0  0  0.0835269  103  107
7  21  -13.0751  -59.6549  -18.3516  63.7687  0  0  0  0  0.0036351  121  108
8  21  -1.87453  -0.839201  0.344492  2.08249  0  0  0  0  0.682528  126  115
9  21  0.736718  1.50313  -1.68571  2.37567  0  0  0  0  0.183243  117  103
10  21  -3.91613  1.52198  18.0723  18.5542  0  0  0  0  0.435775  107  119
11  21  -44.391  -85.7518  -63.4831  115.56  0  0  0  0  4.09457  115  120
12  21  1.19783  -5.43021  2.85901  6.25267  0  0  0  0  0.114589  104  121
13  21  34.76  64.4846  -26.9689  78.0631  0  0  0  0  6.21174  101  122
14  -1  149.556  299.35  -131.512  359.545  0.33  0  0  0  11.5394  0  105
15  21  -1.1125  -3.91742  -4.36721  5.97129  0  0  0  0  0.474335  102  126
16  21  -0.211765  -1.20264  23.4507  23.4824  0  0  0  0  5.65704  119  116
17  21  0.087018  -0.912805  20.421  20.4416  0  0  0  0  8.96919  131  104
18  2  3.18708  -4.70119  -59.2777  59.5501  0.33  0  0  0  0.270954  111  0
19  21  -4.72421  2.70019  -81.3385  81.5203  0  0  0  0  0  125  114
20  21  1.11729  2.1036  -17.8622  18.0203  0  0  0  0  1.60234  110  128
21  21  0.593936  1.01925  -5.55131  5.67527  0  0  0  0  1.52763  128  130
22  21  -0.195741  0.828345  -1.36702  1.61035  0  0  0  0  0  130  106
23  2  -4.51613  0.0652618  4.43494  6.33856  0.33  0  0  0  125.432  113  0
24  21  3.23582  -0.524529  -40.9842  41.1151  0  0  0  0  125.378  112  110
25  21  3.88715  4.57065  -133.037  133.172  0  0  0  0  116.194  114  112
26  21  0.699539  -3.24342  -379.655  379.669  0  0  0  0  0  116  125
27  21  0.532425  -0.444359  -0.0970684  0.700252  0  0  0  0  0.505655  132  102
28  1  2.07319  -1.1492  114.184  114.209  0.33  0  0  0  0  124  0
29  -2  -2.97537  0.165395  49.1687  49.26  0.33  0  0  0  1.76124  0  124
30  21  0.250395  0.26317  319.109  319.109  0  0  0  0  564.714  136  134
31  21  -0.29463  -0.306019  630.553  630.553  0  0  0  0  0  134  131
32  2203  0.387712  -0.725625  481.121  481.122  0.77133  0  0  0  0  0  136
33  -2  -0.476007  -1.18289  208.485  208.489  0.33  0  0  0  0  0  113
34  -2  0.289868  -0.562656  39.627  39.6334  0.33  0  0  0  0  0  109
35  2101  0.349466  -0.451163  -323.803  323.804  0.57933  0  0  0  0  0  111
36  2  -0.640557  -0.979749  -75.4792  75.489  0.33  0  0  0  0  109  0
4  26
1  -1  -187.519  -360.799  -352.382  538.063  0.33  0  0  0  0  0  117
2  21  89.0743  161.925  -30.6195  187.327  0  0  0  0  0  107  115
3  1  7.35926  -10.9606  30.3415  33.0909  0.33  0  0  0  0.067516  101  0
4  21  -8.52351  -1.89499  4.94276  10.0335  0  0  0  0  0.398758  102  114
5  21  -0.340919  -14.9398  -2.10751  15.0916  0  0  0  0  0.0867573  110  103
6  21  2.41168  54.5189  12.0584  55.8886  0  0  0  0  0.0225495  104  113
7  1  -69.0731  -164.107  -146.731  230.721  0.33  0  0  0  0.366425  125  0
8  21  -4.08454  -0.724337  -28.2016  28.505  0  0  0  0  0.461035  109  106
9  21  -4.41878  -11.2435  -19.6239  23.0443  0  0  0  0  0.0136111  119  110
10  21  0.207196  -4.30283  14.9107  15.5205  0  0  0  0  0.309366  105  112
11  21  6.58015  12.7067  -5.25773  15.2447  0  0  0  0  0.0933417  113  107
12  21  -33.9689  -19.5484  33.5451  51.5878  0  0  0  0  0.0103758  114  105
13  21  12.7172  21.3337  -2.16298  24.9306  0  0  0  0  9.71613  120  118
14  21  212.529  385.797  -76.9885  447.141  0  0  0  0  3.9312  115  116
15  21  -7.30867  -9.2406  -7.67488  14.0609  0  0  0  0  1.4398  122  104
16  21  1.50162  1.22395  -2.31019  3.01495  0  0  0  0  9.0711  124  121
17  21  -0.145665  0.920335  -2.02936  2.23306  0  0  0  0  0.288338  106  119
18  21  21.2158  34.3836  -8.81594  41.3529  0  0  0  0  8.51901  116  120
19  21  -3.2832  2.05339  1.3232  4.09227  0  0  0  0  8.71983  121  102
20  21  -26.33  -48.3211  -49.6435  74.1126  0  0  0  0  0.650984  117  122
21  21  6.20988  11.4695  -1.17133  13.0952  0  0  0  0  8.8155  118  124
22  21  -14.8375  -39.586  -37.6242  56.5931  0  0  0  0  4.0478  103  125
23  21  1.42912  0.623139  11.2469  11.3544  0  0  0  0  1.9229  126  101
24  2203  -0.731063  -0.213464  1725.68  1725.68  0.77133  0  0  0  0  0  126
25  1  -0.490495  0.303961  168.758  168.759  0.33  0  0  0  0  112  0
26  2203  -0.179674  -1.3782  -1229.46  1229.46  0.77133  0  0  0  0  0  109
5  33
1  2  -446.187  394.368  304.749  668.94  0.33  0  0  0  0  104  0
2  1  195.693  -137.079  -45.2143  243.168  0.33  0  0  0  0  110  0
3  21  -63.5982  -5.62841  -143.008  156.613  0  0  0  0  5.302  127  106
4  21  -27.8166  68.6822  7.92076  74.5235  0  0  0  0  0.0165674  108  104
5  21  44.5479  -14.5417  -11.4176  48.2321  0  0  0  0  0.1129  111  125
6  21  -3.98114  3.9047  -1.23728  5.712  0  0  0  0  0.243685  106  122
7  21  -3.48568  7.90709  57.2221  57.8709  0  0  0  0  0.324303  107  101
8  21  -6.67285  7.03024  -2.77266  10.0816  0  0  0  0  0.116721  102  108
9  -4  -14.7115  5.49865  -16.1089  22.5479  1.5  0  0  0  0.130951  0  102
10  21  87.1383  -57.635  -18.016  106.016  0  0  0  0  3.3281  105  112
11  21  22.383  -15.2733  -2.95774  27.2584  0  0  0  0  0.321667  101  111
12  21  335.47  -246.1  -77.127  423.148  0  0  0  0  1.56554  112  110
13  21  -2.94441  0.911227  -24.2191  24.4144  0  0  0  0  0.966769  120  130
14  4  -11.4261  2.87952  -19.3305  22.6884  1.5  0  0  0  0.693916  109  0
15  21  17.9298  -9.79679  -7.60403  21.8008  0  0  0  0  0.701205  125  105
16  21  -120.919  -8.49284  -253.511  281.001  0  0  0  0  0.00663916  103  127
17  22  -1.20614  0.825029  -1.93191  2.42234  0  0  0  0  4.41764  0  0
18  21  -2.7568  2.82337  0.453046  3.97197  0  0  0  0  0.0550571  115  116
19  21  5.3433  -2.38907  -15.9236  16.9652  0  0  0  0  0  116  114
20  21  -1.93983  -0.474623  -1.87744  2.74098  0  0  0  0  0  114  107
21  21  0.0797603  1.6461  -1.45743  2.20002  0  0  0  0  0.363015  113  124
22  1  -1.87909  -2.87277  55.7232  55.8298  0.33  0  0  0  0  119  0
23  4  0.548798  1.57926  6.78329  7.14551  1.5  0  0  0  1.35789  118  0
24  21  1.90736  2.11648  -2.63962  3.88395  0  0  0  0  0  129  118
25  -4  -0.310353  -0.941053  22.2207  22.2933  1.5  0  0  0  0.404326  0  119
26  21  3.3421  0.210092  -88.1028  88.1664  0  0  0  0  0  124  120
27  21  -2.49586  1.59701  -5.77997  6.49522  0  0  0  0  0.275244  122  109
28  21  -0.679247  -0.940257  -5.57277  5.69221  0  0  0  0  1.39037  130  103
29  2  0.146021  -0.244957  1449.46  1449.46  0.33  0  0  0  0  131  0
30  2203  -1.51924  0.430696  -1158.72  1158.72  0.77133  0  0  0  0  0  129
31  -3  0.1  0.2  -0.1  0.556776  0.5  0  0  0  100  0  115
32  -3  0.1  0.2  -0.1  0.556776  0.5  0  0  0  100  0  113
33  -3  0.1  0.2  -0.1  0.556776  0.5  0  0  0  100  0  131
6  40
1  2  160.996  -81.664  381.382  421.949  0.33  0  0  0  0  110  0
2  2  -618.625  401.508  -963.963  1213.73  0.33  0  0  0  0  101  0
3  21  53.9506  -27.019  -3.23937  60.4251  0  0  0  0  0.00148641  108  117
4  21  12.7778  -37.9781  5.33849  40.4241  0  0  0  0  0.00850172  104  103
5  21  17.7283  -44.711  -57.9557  75.3142  0  0  0  0  0.0146391  105  124
6  21  -34.2973  24.7701  -51.1219  66.3574  0  0  0  0  0.00692125  120  101
7  21  -3.17524  6.99271  -3.37008  8.38675  0  0  0  0  0.0558885  107  113
8  21  139.274  -75.422  3.93115  158.434  0  0  0  0  0.203249  122  109
9  21  5.89551  -5.48518  3.08611  8.6237  0  0  0  0  0.487399  109  108
10  21  3.99045  -3.59296  9.9991  11.3497  0  0  0  0  6.52993  125  119
11  21  -2.03869  -3.44927  28.5247  28.8047  0  0  0  0  1.3155  111  126
12  21  45.9663  -19.1201  105.682  116.821  0  0  0  0  2.90536  118  112
13  21  3.06736  -1.70972  -0.49243  3.54603  0  0  0  0  0.131152  113  102
14  21  -4.43526  4.01558  53.318  53.6527  0  0  0  0  0.762007  114  131
15  21  3.879  -4.028  8.97562  10.5751  0  0  0  0  3.70166  102  118
16  21  34.5834  -19.07  89.7093  98.0175  0  0  0  0  10.873  119  123
17  21  0.37789  -1.72181  -0.935007  1.99541  0  0  0  0  0.198769  106  128
18  21  1.3989  -0.247829  0.965756  1.71786  0  0  0  0  0.839834  103  122
19  21  80.6997  -43.1893  191.355  212.119  0  0  0  0  5.09477  123  110
20  21  5.94972  -9.74927  -11.0647  15.902  0  0  0  0  1.21489  124  107
21  21  94.8048  -58.4095  224.412  250.52  0  0  0  0  1.92845  112  125
22  21  -1.51622  0.0607123  -4.8623  5.09358  0  0  0  0  0.872618  127  133
23  21  0.00375318  -1.16521  45.6257  45.6406  0  0  0  0  14.3705  132  111
24  21  1.15961  -2.2755  -3.96069  4.71271  0  0  0  0  4.96194  115  105
25  1  -3.27352  1.23015  -25.1484  25.3925  0.33  0  0  0  4.76935  116  0
26  21  1.62427  1.69016  -27.9189  28.0171  0  0  0  0  0  121  130
27  21  1.14148  -1.34483  -0.623376  1.87086  0  0  0  0  1532.47  117  106
28  21  -0.434791  1.15868  21.9523  21.9872  0  0  0  0  0  126  114
29  21  -0.858148  -3.01521  7.13063  7.78934  0  0  0  0  0  131  104
30  21  1.53402  0.916387  -5.3969  5.68503  0  0  0  0  0.900469  130  127
31  21  0.348082  1.37115  -78.9339  78.9466  0  0  0  0  0  129  121
32  21  -0.0723353  0.414374  -0.692915  0.810598  0  0  0  0  1.37817  128  120
33  3  0.281637  0.0605285  -1.58826  1.68984  0.5  0  0  0  0.688302  134  0
34  21  -2.56346  -2.21049  -12.3845  12.8387  0  0  0  0  0  133  115
35  2101  -0.283838  1.47168  893.467  893.468  0.57933  0  0  0  0  0  116
36  -3  0.734419  1.21391  103.091  103.102  0.5  0  0  0  0  0  132
37  2  -0.59287  -0.296077  -924.294  924.294  0.33  0  0  0  0  135  0
38  -3  0.1  0.2  -0.1  0.556776  0.5  0  0  0  100  0  129
39  -3  0.1  0.2  -0.1  0.556776  0.5  0  0  0  100  0  134
40  -3  0.1  0.2  -0.1  0.556776  0.5  0  0  0  100  0  135
7  24
1  2  541.517  -371.58  377.308  757.413  0.33  0  0  0  0  104  0
2  21  -545.963  335.278  -314.767  713.838  0  0  0  0  0  114  103
3  21  6.82441  -5.93447  -9.7487  13.2977  0  0  0  0  0.0350735  117  105
4  21  16.906  0.120831  9.45277  19.3696  0  0  0  0  0.49822  110  113
5  21  11.0739  13.5709  -27.0982  32.2663  0  0  0  0  0.034369  115  102
6  21  2.45966  -7.68327  -17.01  18.8261  0  0  0  0  0.252106  111  106
7  21  25.8231  -15.8028  15.4464  33.9875  0  0  0  0  0.142551  105  108
8  21  0.659895  -4.59024  -22.8389  23.305  0  0  0  0  0.055076  107  120
9  21  106.722  -45.6461  84.3558  143.489  0  0  0  0  0.012739  108  110
10  21  -6.79245  -1.30178  -25.9247  26.8313  0  0  0  0  0.148593  109  111
11  21  -2.49049  6.20035  0.180658  6.68427  0  0  0  0  0.0646802  101  116
12  22  4.95889  -0.993314  1.21939  5.20232  0  0  0  0  0.0798873  0  0
13  21  25.7362  -11.8285  14.2671  31.7146  0  0  0  0  1.02494  113  119
14  21  -208.143  122.535  -122.35  270.754  0  0  0  0  4.62578  112  114
15  21  -0.474551  5.1129  -10.4143  11.6114  0  0  0  0  0.3344  106  115
16  21  -4.19461  -0.565911  2.25394  4.79534  0  0  0  0  0.157719  116  112
17  21  -1.00829  -0.352894  -5.38128  5.48629  0  0  0  0  0.186819  102  117
18  21  1.95698  2.29411  7.24076  7.84355  0  0  0  0  0.342534  118  101
19  21  27.6964  -16.0358  22.7778  39.2819  0  0  0  0  0.262594  119  104
20  21  -3.35605  -0.549691  -11.353  11.8514  0  0  0  0  0.473755  120  109
21  21  0.638295  -1.64293  -12.7445  12.8658  0  0  0  0  1.61707  121  107
22  2101  -1.41385  0.757916  1437.21  1437.21  0.57933  0  0  0  0  0  118
23  2103  0.627039  -1.11086  -1260.81  1260.81  0.77133  0  0  0  0  0  121
24  2  0.236151  -0.250791  -131.268  131.269  0.33  0  0  0  0  103  0
8  52
1  2  767.202  -145.039  569.3  966.301  0.33  0  0  0  0  124  0
2  1  -7.36135  -0.50299  0.313872  7.39256  0.33  0  0  0  5.59605  122  0
3  21  -146.751  104.208  237.971  298.371  0  0  0  0  0.00370372  103  101
4  21  -67.3317  20.9779  35.8162  79.0976  0  0  0  0  0.0201716  106  114
5  21  -1.85102  -3.0738  65.4213  65.5196  0  0  0  0  0.209638  105  129
6  21  -32.2992  9.32939  39.3115  51.7268  0  0  0  0  0.0852366  101  130
7  21  30.4751  1.33677  18.544  35.6988  0  0  0  0  0.247839  102  107
8  21  1.69505  -7.76407  16.8025  18.587  0  0  0  0  0.381579  108  118
9  21  3.55262  -4.00296  0.480074  5.37357  0  0  0  0  0.0730938  109  150
10  21  -13.6581  5.22086  -0.560914  14.6327  0  0  0  0  0.603259  114  126
11  21  -235.175  14.0845  18.4562  236.318  0  0  0  0  0  104  115
12  21  -334.195  14.6835  31.4367  335.992  0  0  0  0  1.96547  115  122
13  21  53.2518  -11.8256  41.723  68.6761  0  0  0  0  5.24473  107  124
14  21  -13.725  4.82083  5.15391  15.4331  0  0  0  0  0.234702  126  104
15  21  -1.68281  0.241875  64.4705  64.4929  0  0  0  0  8.93067  138  105
16  21  -1.27628  8.85774  15.304  17.7285  0  0  0  0  13.1214  113  103
17  21  -0.731433  -0.498519  -14.3129  14.3403  0  0  0  0  13.0311  123  125
18  -2  -0.331722  -3.4063  12.3016  12.773  0.33  0  0  0  0.909829  0  117
19  21  0.520913  -3.96591  -3.24612  5.15142  0  0  0  0  13.1866  111  109
20  21  0.887961  -3.46647  -13.81  14.2661  0  0  0  0  14.1881  112  142
21  21  -3.08508  -2.23778  -59.5568  59.6786  0  0  0  0  0  125  145
22  21  3.10187  -0.705862  -1.16161  3.38662  0  0  0  0  0.109608  116  121
23  2  -5.15014  3.19307  -360.197  360.248  0.33  0  0  0  0  117  0
24  21  0.209996  -1.72261  1.70334  2.43163  0  0  0  0  262.999  118  132
25  21  0.727661  0.666954  -97.0071  97.0122  0  0  0  0  58.9128  147  140
26  21  0.563928  -0.239944  24.5715  24.5792  0  0  0  0  0  149  138
27  -1  -3.92192  0.510663  27.4011  27.687  0.33  0  0  0  0  0  127
28  21  1.97658  -0.622052  0.15039  2.0776  0  0  0  0  0.109086  121  102
29  21  -0.0388673  0.762308  -8.4398  8.47425  0  0  0  0  159.006  133  148
30  21  2.40931  1.20475  -2.05702  3.38932  0  0  0  0  159.235  120  116
31  21  0.220866  -1.55119  -104.09  104.102  0  0  0  0  0  140  123
32  21  1.24507  -1.70797  1.56529  2.63011  0  0  0  0  0.115132  132  137
33  21  -2.81415  0.258173  2.05665  3.49513  0  0  0  0  0  130  106
34  21  0.961967  -0.324793  3.60174  3.74211  0  0  0  0  1.41  129  108
35  21  2.19343  2.13239  3.60747  4.72992  0  0  0  0  0.450897  137  113
36  21  -1.22847  -3.14045  -28.6737  28.8713  0  0  0  0  0  135  112
37  21  0.145872  0.0906549  -0.00544037  0.171833  0  0  0  0  2.6453  150  144
38  21  -0.933541  -0.716433  -0.749239  1.39504  0  0  0  0  51.9814  142  111
39  21  1.57775  0.912345  -0.488898  1.88698  0  0  0  0  51.8247  144  120
40  21  -1.95183  0.98528  -16.7983  16.94  0  0  0  0  0  145  133
41  21  0.0836179  0.417428  -1.13877  1.21574  0  0  0  0  3016.51  148  135
42  2  1.65875  -0.188054  19.1008  19.1764  0.33  0  0  0  0  127  0
43  1  0.0721265  -0.124836  600.741  600.741  0.33  0  0  0  0  151  0
44  2  0.0542099  0.299103  45.5677  45.5699  0.33  0  0  0  0  139  0
45  1  0.0085169  0.601524  38.9543  38.9603  0.33  0  0  0  0  153  0
46  2  0.696716  1.03175  -1229.53  1229.54  0.33  0  0  0  0  110  0
47  -3  0.1  0.2  -0.1  0.556776  0.5  0  0  0  100  0  147
48  -3  0.1  0.2  -0.1  0.556776  0.5  0  0  0  100  0  149
49  -3  0.1  0.2  -0.1  0.556776  0.5  0  0  0  100  0  151
50  -3  0.1  0.2  -0.1  0.556776  0.5  0  0  0  100  0  139
51  -3  0.1  0.2  -0.1  0.556776  0.5  0  0  0  100  0  153
52  -3  0.1  0.2  -0.1  0.556776  0.5  0  0  0  100  0  110
9  24
1  2  -764.873  265.766  97.9098  815.628  0.33  0  0  0  0  101  0
2  2  774.651  -282.76  -494.383  961.484  0.33  0  0  0  0  102  0
3  21  3.0547  10.4027  -236.852  237.1  0  0  0  0  0.979427  103  102
4  21  1.96205  -1.31395  0.867339  2.51563  0  0  0  0  0.554733  104  105
5  21  -12.6964  8.14268  2.30908  15.2589  0  0  0  0  0.12885  105  101
6  21  3.44679  0.437082  -0.678079  3.53995  0  0  0  0  0.0835299  109  103
7  21  -2.65059  2.01431  0.218612  3.33629  0  0  0  0  0  107  124
8  21  0.489761  -0.576253  0.746484  1.06263  0  0  0  0  0.235805  118  125
9  21  -3.56875  -0.919545  -89.2197  89.2958  0  0  0  0  0  112  117
10  21  1.34327  -0.447186  -3.15473  3.45785  0  0  0  0  0.582073  113  109
11  21  0.627967  -0.0159365  1.87016  1.97284  0  0  0  0  239.5  126  127
12  21  2.20169  1.15238  35.3332  35.4205  0  0  0  0  0  127  114
13  21  -2.32499  0.774177  -84.2569  84.2925  0  0  0  0  3.66587  117  115
14  21  2.48896  0.550686  -147.941  147.963  0  0  0  0  0  115  113
15  21  0.217116  1.78783  100.298  100.314  0  0  0  0  0  114  106
16  21  1.60111  -0.886606  6.3219  6.58149  0  0  0  0  0.344953  120  126
17  -2  -0.878695  0.51077  -10.6341  10.6876  0.33  0  0  0  0  0  104
18  -2  -2.02436  -0.315908  5.2659  5.66007  0.33  0  0  0  4.50794  0  118
19  21  0.452984  -3.49581  9.65669  10.28  0  0  0  0  0.606851  125  120
20  21  -1.3122  0.804002  -14.2375  14.3204  0  0  0  0  0  124  112
21  2101  -0.011579  -0.0516352  1576.09  1576.09  0.57933  0  0  0  0  0  107
22  2  0.315286  -0.437359  68.7754  68.7783  0.33  0  0  0  0  106  0
23  2103  -1.71295  -0.378987  -823.637  823.639  0.77133  0  0  0  0  0  131
24  2  -0.799543  -0.743498  -0.667233  1.32142  0.33  0  0  0  0  131  0
10  51
1  2  19.5738  1.13917  18.9043  27.238  0.33  0  0  0  0.0411137  104  0
2  1  -596.467  153.89  -316.812  692.694  0.33  0  0  0  0  107  0
3  21  -29.8047  5.31637  71.8159  77.9366  0  0  0  0  0.0366629  103  101
4  -4  112.601  -26.624  21.7813  117.747  1.5  0  0  0  12.9013  0  104
5  21  -13.3598  9.89988  -176.596  177.377  0  0  0  0  0.744252  105  106
6  21  -0.875946  0.135827  0.597168  1.0688  0  0  0  0  1.40312  106  122
7  21  -87.0365  13.2064  -37.31  95.6127  0  0  0  0  0.335812  101  107
8  21  5.88154  -3.47625  -19.5582  20.7171  0  0  0  0  0.820942  108  102
9  21  2.14441  -7.70999  -8.16034  11.4295  0  0  0  0  0.89597  122  108
10  21  36.3775  -6.84411  7.01845  37.6753  0  0  0  0  2.19474  102  123
11  4  550.738  -139.921  103.011  577.498  1.5  0  0  0  0  123  0
12  21  -0.365718  0.335807  -12.9658  12.9753  0  0  0  0  22.2342  143  105
13  21  2.88104  -3.87991  -58.0519  58.2527  0  0  0  0  0  111  134
14  21  -0.247197  3.19915  -7.89828  8.52517  0  0  0  0  0.11793  136  127
15  21  1.44201  0.677624  -0.448591  1.65523  0  0  0  0  0.450925  112  117
16  2  1.05353  0.108728  48.2958  48.3085  0.33  0  0  0  0  110  0
17  21  -0.421556  2.77834  -128.718  128.749  0  0  0  0  0  116  126
18  21  -1.69589  -2.92851  0.771118  3.47085  0  0  0  0  0.113848  114  113
19  21  -0.0123979  -2.07001  -19.12  19.2317  0  0  0  0  1.63569  115  111
20  21  -2.62405  -1.23539  -44.4673  44.5618  0  0  0  0  3.39508  129  121
21  21  2.71349  1.35228  -42.2877  42.3962  0  0  0  0  2.66981  130  116
22  21  1.07359  -0.287904  0.589385  1.25812  0  0  0  0  28147.5  113  138
23  21  0.0433546  -0.552459  118.824  118.825  0  0  0  0  0  142  110
24  21  1.99972  1.61336  -2.49813  3.58363  0  0  0  0  6.06029  117  136
25  21  0.258284  -0.780508  -33.6924  33.7024  0  0  0  0  5.87741  119  115
26  21  -1.35205  -2.18388  -58.6633  58.7195  0  0  0  0  0  121  120
27  21  1.45955  0.10458  11.4673  11.5603  0  0  0  0  0  135  142
28  21  -0.242389  -0.534557  -20.4963  20.5048  0  0  0  0  21.0731  120  119
29  -1  -0.90945  -0.0833163  207.557  207.559  0.33  0  0  0  0  0  143
30  21  -1.11629  3.87017  -2.48862  4.73471  0  0  0  0  0.177092  127  114
31  21  0.0706363  0.975684  -165.623  165.626  0  0  0  0  0  126  129
32  21  2.12871  -1.82604  -11.2754  11.6189  0  0  0  0  0  134  139
33  21  -1.13705  0.621288  4.55722  4.73784  0  0  0  0  0.285752  132  147
34  21  -1.61531  0.383531  3.89429  4.23342  0  0  0  0  7064.16  141  132
35  2  -1.02271  -2.17173  428.564  428.571  0.33  0  0  0  0  125  0
36  21  -0.751783  0.796146  0.841188  1.38081  0  0  0  0  0.160961  140  141
37  21  3.10707  0.130141  1.33278  3.38336  0  0  0  0  0  138  140
38  -2  -0.967825  -0.324575  -0.123284  1.07988  0.33  0  0  0  7.8366  0  109
39  21  -0.109115  -1.10164  -2.84123  3.04928  0  0  0  0  0  139  145
40  21  0.473143  0.303081  1.78496  1.87131  0  0  0  0  0.661311  147  135
41  21  -0.903644  -0.91165  -2.87556  3.14905  0  0  0  0  0  145  112
42  1  -0.627617  0.585413  4.27159  4.36944  0.33  0  0  0  0  144  0
43  1  -0.378607  0.330508  247.027  247.027  0.33  0  0  0  0  152  0
44  -2  0.0530461  1.27272  119.931  119.939  0.33  0  0  0  0  0  152
45  1  -0.447311  0.879261  360.118  360.12  0.33  0  0  0  0  154  0
46  -1  -0.0822713  0.391841  192.143  192.144  0.33  0  0  0  0  0  125
47  2203  -0.686124  0.445323  -701.589  701.59  0.77133  0  0  0  0  0  144
48  2  -0.813066  0.70524  -100.536  100.542  0.33  0  0  0  0  109  0
49  -3  0.1  0.2  -0.1  0.556776  0.5  0  0  0  100  0  103
50  -3  0.1  0.2  -0.1  0.556776  0.5  0  0  0  100  0  130
51  -3  0.1  0.2  -0.1  0.556776  0.5  0  0  0  100  0  154
11  31
1  2  585.831  535.325  -328.109  858.735  0.33  0  0  0  0  106  0
2  2  -573.29  -541.492  -395.094  882.028  0.33  0  0  0  0  119  0
3  21  -22.1037  -17.934  -10.1583  30.2224  0  0  0  0  0.0101046  109  107
4  21  -32.5032  -11.5034  -173.009  176.411  0  0  0  0  0.0514445  104  118
5  21  -9.83347  -14.035  14.5671  22.4917  0  0  0  0  0.0215415  105  103
6  21  49.4116  55.1885  -28.0982  79.2262  0  0  0  0  0.450148  116  106
7  21  9.20946  11.6329  -4.7483  15.5783  0  0  0  0  0.0765338  107  115
8  21  -1.1825  -7.1569  11.0186  13.192  0  0  0  0  0.164793  108  114
9  21  -6.79076  -7.73511  4.31747  11.1618  0  0  0  0  0.101286  103  109
10  21  2.47371  -1.55076  10.2106  10.6198  0  0  0  0  0.406586  114  105
11  21  9.31945  3.61072  -5.04891  11.1974  0  0  0  0  0.293281  115  101
12  21  22.9137  23.3062  -16.1364  36.4499  0  0  0  0  1.88007  101  116
13  21  -10.0279  -6.61479  -61.6823  62.8412  0  0  0  0  3.88651  118  102
14  21  -23.0244  -21.4091  -13.604  34.257  0  0  0  0  3.74023  102  119
15  21  -6.5786  2.04204  4.5916  8.27833  0  0  0  0  186.151  113  122
16  21  1.72684  -2.12065  40.1134  40.2065  0  0  0  0  186.073  111  120
17  21  3.48009  -0.908084  300.55  300.571  0  0  0  0  0  117  111
18  -1  -1.19275  -0.600806  190.247  190.252  0.33  0  0  0  0  0  121
19  21  2.33555  -0.206444  -9.63978  9.92083  0  0  0  0  1.03668  122  127
20  21  -0.190639  -0.520998  1.47956  1.58015  0  0  0  0  2.08366  120  113
21  3  0.472417  2.02281  -3.3884  4.00577  0.5  0  0  0  0.405638  121  0
22  21  -0.0123437  -1.04409  -260.042  260.044  0  0  0  0  0  123  104
23  21  0.755781  -0.431621  -75.0136  75.0187  0  0  0  0  26.4967  127  123
24  1  -0.677303  0.540402  -159.152  159.154  0.33  0  0  0  0  128  0
25  2101  0.0667435  -0.368549  803.046  803.046  0.57933  0  0  0  0  0  128
26  1  -0.91626  -0.0544504  454.861  454.862  0.33  0  0  0  0  131  0
27  -3  -0.594575  1.05446  88.2788  88.2885  0.5  0  0  0  0  0  131
28  2  0.92208  0.963212  -380.357  380.36  0.33  0  0  0  0  133  0
29  -3  0.1  0.2  -0.1  0.556776  0.5  0  0  0  100  0  108
30  -3  0.1  0.2  -0.1  0.556776  0.5  0  0  0  100  0  117
31  -3  0.1  0.2  -0.1  0.556776  0.5  0  0  0  100  0  133
12  39
1  2  391.294  441.74  570.78  820.996  0.33  0  0  0  0  120  0
2  3  -30.5277  -25.3499  16.2251  42.8726  0.5  0  0  0  0.109584  104  0
3  2  -149.354  -5.83098  -125.7  195.298  0.33  0  0  0  0.00383412  112  0
4  21  -25.9865  -79.04  36.2179  90.7434  0  0  0  0  1.49108  117  111
5  21  -74.4169  37.1428  16.0456  84.7049  0  0  0  0  0.0085856  116  103
6  21  32.3193  -4.19458  -174.288  177.309  0  0  0  0  0.077383  106  121
7  21  0.173099  2.02823  4.67055  5.09487  0  0  0  0  1.0664  102  124
8  21  -18.4451  -18.3078  56.8773  62.5333  0  0  0  0  0.0891556  108  109
9  -3  -93.1326  -64.8707  7.09828  113.721  0.5  0  0  0  0.00328288  0  105
10  21  -0.233382  -12.1738  3.11023  12.567  0  0  0  0  0.117138  109  140
11  21  36.5889  27.9648  52.1819  69.5968  0  0  0  0  0.0674453  110  107
12  21  -60.3237  -211.616  103.205  243.046  0  0  0  0  0  111  119
13  21  -9.80641  -2.4816  -11.4178  15.2542  0  0  0  0  0.922865  123  130
14  21  1.6076  6.92868  -137.777  137.961  0  0  0  0  1.20466  114  106
15  21  -0.253059  6.74779  55.9863  56.3921  0  0  0  0  0.632903  115  125
16  -4  -28.3419  3.19794  -0.589751  28.5673  1.5  0  0  0  0.167882  0  127
17  21  -24.7862  -117.526  48.5233  129.543  0  0  0  0  0.81645  101  117
18  21  -32.7295  -92.7873  51.7558  111.173  0  0  0  0  1.01138  119  129
19  21  85.596  88.8013  116.376  169.575  0  0  0  0  2.54522  135  120
20  4  -0.771682  0.596583  -1.54765  2.36572  1.5  0  0  0  0.521051  105  0
21  21  9.55069  -2.25559  -61.168  61.9502  0  0  0  0  2.09642  121  133
22  21  -1.11679  -0.940399  -3.81055  4.08067  0  0  0  0  0.51336  131  123
23  21  5.2715  1.38312  2.44193  5.972  0  0  0  0  0.926078  124  110
24  21  -2.76955  -1.38334  16.9243  17.2052  0  0  0  0  1.09778  125  108
25  21  -23.3723  -2.75807  -17.1076  29.0954  0  0  0  0  0.219442  130  112
26  21  -5.27002  3.91693  1.42738  6.71959  0  0  0  0  0.438627  103  131
27  21  -0.424974  -1.82635  -7.27296  7.5108  0  0  0  0  2.77751  133  139
28  21  22.9476  22.6787  34.15  46.9802  0  0  0  0  5.52532  107  135
29  21  -1.17218  -2.22017  1.37724  2.86356  0  0  0  0  0.118312  129  104
30  21  0.85635  1.79894  -3.92599  4.4026  0  0  0  0  0  128  132
31  21  -1.93599  0.34608  -0.0744757  1.96809  0  0  0  0  0.26574  127  116
32  21  -0.133392  1.01583  -1.9608  2.21234  0  0  0  0  1.3759  132  102
33  21  0.434035  2.25673  30.8078  30.8934  0  0  0  0  5.52793  136  115
34  21  0.0487814  -1.41049  -645.453  645.455  0  0  0  0  0  138  143
35  21  -0.0968897  -1.05699  0.468397  1.16018  0  0  0  0  0.406369  140  101
36  21  -0.803739  0.347596  -6.93185  6.98695  0  0  0  0  3.66517  139  128
37  21  -0.15364  -0.237655  -112.136  112.137  0  0  0  0  745.525  143  114
38  2101  0.0995017  -0.65169  773.802  773.802  0.57933  0  0  0  0  0  136
39  2101  -0.429025  0.0274799  -689.29  689.291  0.57933  0  0  0  0  0  138
13  42
1  2  583.422  -667.574  -178.729  904.423  0.33  0  0  0  0  108  0
2  2  -588.456  642.135  -314.204  925.928  0.33  0  0  0  0  106  0
3  3  8.89992  -6.01673  -14.6554  18.178  0.5  0  0  0  0.608332  103  0
4  21  11.2072  -2.64408  49.6128  50.9315  0  0  0  0  0.137751  104  125
5  21  9.33929  -2.62639  -49.733  50.6704  0  0  0  0  0.118621  131  103
6  21  -2.17034  -1.34585  0.32277  2.57408  0  0  0  0  0.269825  101  107
7  21  -67.8967  82.4705  -37.9152  113.353  0  0  0  0  0.12735  107  106
8  21  22.0079  -26.7306  -3.16343  34.769  0  0  0  0  1.27736  132  108
9  -3  13.8055  -11.9548  -41.8696  45.6818  0.5  0  0  0  0.0307338  0  102
10  21  -0.687805  2.07898  -10.1722  10.4053  0  0  0  0  0.72867  122  105
11  21  3.13511  -3.36929  29.2213  29.5815  0  0  0  0  1.37377  125  101
12  21  4.94232  -3.55069  -19.7773  20.6924  0  0  0  0  1.61146  105  131
13  21  2.08295  -4.0179  -3.1687  5.52475  0  0  0  0  1.56436  102  132
14  21  0.391507  -0.703812  83.3975  83.4014  0  0  0  0  58.3548  139  104
15  21  -1.8098  -1.55529  3.776  4.46682  0  0  0  0  0  112  109
16  21  3.32185  2.80908  -2.04458  4.80686  0  0  0  0  0.0778808  110  128
17  21  -3.37172  -1.47593  -2.92067  4.69863  0  0  0  0  0  111  122
18  21  -1.41097  -0.89055  1.31543  2.12468  0  0  0  0  0.369836  109  121
19  21  -0.141297  -0.00113749  -1.2958  1.30348  0  0  0  0  5.17614  148  126
20  21  -3.41348  -0.490582  31.3813  31.5702  0  0  0  0  300.434  116  138
21  21  1.92804  3.02566  47.8832  48.0175  0  0  0  0  299.694  114  119
22  21  3.00042  -0.971548  -0.911874  3.28298  0  0  0  0  0  117  123
23  21  -1.21835  -2.49051  398.594  398.604  0  0  0  0  0  113  143
24  21  -0.0106524  -2.90564  5.24205  5.9935  0  0  0  0  0.338267  124  112
25  21  1.42045  2.07525  11.7436  12.0098  0  0  0  0  0  119  118
26  21  2.91563  0.0702663  -0.475223  2.95494  0  0  0  0  0  123  110
27  21  -1.80698  1.61807  5.64958  6.14825  0  0  0  0  0.554703  121  116
28  21  0.11759  1.23524  3.34837  3.57089  0  0  0  0  1.09631  118  117
29  21  0.558806  0.475613  11.2455  11.2694  0  0  0  0  55.5524  149  114
30  21  -2.33497  -3.00562  -26.9722  27.2394  0  0  0  0  0  126  137
31  21  3.45052  1.10993  -5.08917  6.24802  0  0  0  0  0.180569  128  145
32  21  -0.442541  1.68187  -0.172541  1.74766  0  0  0  0  0  133  124
33  21  0.747929  0.278089  -1.51191  1.70956  0  0  0  0  1.01268  145  111
34  21  -0.0452801  -3.27285  33.8538  34.0117  0  0  0  0  0  138  142
35  21  -1.53709  0.845948  -4.98085  5.28083  0  0  0  0  0.598729  136  148
36  21  0.7009  0.40482  -65.6947  65.6997  0  0  0  0  0  137  133
37  21  0.21399  -1.37567  15.8867  15.9476  0  0  0  0  2.68673  142  139
38  21  0.636704  4.21278  414.289  414.311  0  0  0  0  0  143  149
39  2  1.13378  2.50185  5.35535  6.02772  0.33  0  0  0  0  140  0
40  2101  -0.761812  -0.0660874  619.088  619.088  0.57933  0  0  0  0  0  140
41  2103  -0.672248  -0.0899137  -748.551  748.552  0.77133  0  0  0  0  0  113
42  -2  -1.19189  0.0963794  -237.197  237.201  0.33  0  0  0  0  0  136
14  45
1  2  -297.078  227.544  345.222  509.127  0.33  0  0  0  0  104  0
2  2  753.729  -543.677  -415.075  1017.83  0.33  0  0  0  0  101  0
3  21  -106.128  69.6522  -45.9882  135.017  0  0  0  0  0.00182527  103  110
4  21  -37.9783  26.6911  30.424  55.5012  0  0  0  0  4.74896  117  111
5  21  -12.8578  3.59384  -50.5959  52.3277  0  0  0  0  0.122874  134  103
6  21  -24.8565  8.16414  6.95698  27.0721  0  0  0  0  0.152796  102  106
7  21  -4.47461  4.53508  1.02076  6.45221  0  0  0  0  0.0623959  107  101
8  21  0.144408  -0.258572  0.125752  0.321756  0  0  0  0  2.07066  115  107
9  21  2.72785  1.37629  131.809  131.845  0  0  0  0  4.85891  109  108
10  21  -80.0418  51.5388  -41.7754  103.962  0  0  0  0  1.51942  110  102
11  2  -56.4943  42.5045  49.1916  86.1288  0.33  0  0  0  2.76619  111  0
12  -2  -82.5319  65.9094  81.2078  133.231  0.33  0  0  0  0.0842775  0  104
13  21  -2.8306  3.04768  70.3589  70.4817  0  0  0  0  0.692097  108  115
14  21  -2.13255  1.20648  0.515852  2.50389  0  0  0  0  3.055  106  116
15  21  -42.2847  35.6059  36.6608  66.3309  0  0  0  0  2.30765  116  117
16  22  -9.16733  6.42546  11.4455  16.0102  0  0  0  0  7.13913  0  0
17  2  3.18497  0.239625  56.7993  56.8899  0.33  0  0  0  0  113  0
18  21  -2.50858  1.92613  51.9381  52.0343  0  0  0  0  1.19901  112  120
19  21  0.310809  -0.00594355  -0.35584  0.472504  0  0  0  0  0  136  138
20  21  0.270086  0.771532  16.4042  16.4245  0  0  0  0  0  118  112
21  21  -3.46167  0.490521  3.77252  5.14351  0  0  0  0  0.234211  120  114
22  -2  1.33539  -0.283567  20.9269  20.974  0.33  0  0  0  0  0  135
23  -1  1.6134  -0.283268  -7.69683  7.87613  0.33  0  0  0  1.0013  0  122
24  2  -0.22401  -1.13364  7.0134  7.11562  0.33  0  0  0  2.45063  124  0
25  -2  -0.464629  -1.39392  -1.33347  2.01145  0.33  0  0  0  0.408071  0  126
26  21  -1.01406  1.82607  -281.758  281.766  0  0  0  0  0  127  142
27  21  -0.515921  0.28703  -8.40645  8.42716  0  0  0  0  11.288  126  125
28  21  -0.319067  0.179988  -6.43744  6.44785  0  0  0  0  0  125  127
29  21  0.343648  0.608035  264.208  264.209  0  0  0  0  0  132  130
30  21  -0.42039  -0.61771  166.175  166.177  0  0  0  0  75.7846  130  118
31  21  0.444522  -0.164285  9.89881  9.91014  0  0  0  0  0  135  113
32  -3  1.25851  -0.611592  3.79762  4.07796  0.5  0  0  0  1.35852  0  134
33  21  1.38688  0.887618  -2.0826  2.65491  0  0  0  0  0  140  136
34  21  -1.47333  -2.27428  1.06317  2.91091  0  0  0  0  1.53597  138  124
35  21  -0.470756  0.624853  -308.722  308.722  0  0  0  0  0  142  144
36  21  -0.303107  -1.21238  -35.083  35.1052  0  0  0  0  8.75383  144  140
37  21  0.30221  0.0844163  81.9529  81.9535  0  0  0  0  0  122  132
38  -1  -0.751402  -0.179554  16.6859  16.707  0.33  0  0  0  15.3843  0  123
39  2103  0.735711  0.315147  489.906  489.907  0.77133  0  0  0  0  0  149
40  -2  0.268627  -0.509717  3.16599  3.23487  0.33  0  0  0  0  0  109
41  2  1.38656  -0.781481  -0.3086  1.65451  0.33  0  0  0  0  149  0
42  2101  0.270269  -0.522496  -295.603  295.604  0.57933  0  0  0  0  0  152
43  1  -0.201118  -0.974847  -55.6895  55.6993  0.33  0  0  0  0  152  0
44  3  0.780412  -0.963129  -380.288  380.29  0.5  0  0  0  0  123  0
45  1  0.491257  -0.188348  -21.4475  21.4564  0.33  0  0  0  0  114  0
15  48
1  -1  498.671  -349.974  -299.46  678.845  0.33  0  0  0  0  0  110
2  21  -420.526  266.832  135.934  516.255  0  0  0  0  0  105  112
3  1  35.1833  26.4092  134.937  141.928  0.33  0  0  0  0.0340759  104  0
4  3  -42.4871  -1.55442  16.8696  45.7427  0.5  0  0  0  0.019608  103  0
5  21  17.3328  16.4612  -73.9816  77.7475  0  0  0  0  0.0588501  132  108
6  21  -0.744149  8.252  -3.86138  9.14109  0  0  0  0  0.111271  107  114
7  21  9.86239  -1.59364  -64.9828  65.7463  0  0  0  0  0.17162  131  122
8  21  -1.84522  -2.11385  13.3914  13.6822  0  0  0  0  1.39819  109  124
9  -3  -31.9615  12.1212  23.4561  41.4596  0.5  0  0  0  0.123033  0  105
10  21  61.1849  -51.2609  -38.0876  88.4417  0  0  0  0  0.644802  110  126
11  2  -21.3204  13.3622  10.1267  27.125  0.33  0  0  0  0.742583  111  0
12  21  -102.525  65.4341  27.9422  124.795  0  0  0  0  2.36172  112  111
13  21  -2.8585  -1.13287  -3.98322  5.03194  0  0  0  0  0.189369  117  103
14  21  2.1662  3.30549  81.5237  81.6194  0  0  0  0  2.30105  118  145
15  21  3.77366  -7.59564  105.724  106.064  0  0  0  0  0.496189  124  104
16  21  -1.28629  0.769107  -1.36692  2.02844  0  0  0  0  0.86109  127  135
17  -2  -8.78589  9.6009  2.7662  13.309  0.33  0  0  0  1.20491  0  128
18  21  1.66216  -2.81122  -19.1216  19.3985  0  0  0  0  1.5799  108  125
19  21  2.46834  -0.700302  -7.76085  8.17398  0  0  0  0  0.630241  101  132
20  21  -4.50688  -1.8499  -7.9484  9.32261  0  0  0  0  0.151948  114  117
21  2  3.84077  4.47823  -417.063  417.105  0.33  0  0  0  0  115  0
22  1  4.44306  -0.903412  4.00306  6.05725  0.33  0  0  0  0  116  0
23  21  1.60356  -1.81989  -13.5051  13.7212  0  0  0  0  0  125  130
24  21  -2.34476  -1.23973  10.5337  10.8625  0  0  0  0  0.326138  120  109
25  21  0.0746405  2.24891  -0.888739  2.41931  0  0  0  0  0.427669  123  107
26  21  3.46085  -0.401201  -37.9576  38.1171  0  0  0  0  0.428823  122  139
27  21  1.14251  -1.98739  -4.19646  4.78177  0  0  0  0  0.899189  126  137
28  21  -0.0660439  1.43431  -3.456  3.7424  0  0  0  0  0.631739  121  123
29  21  -0.900765  0.0145348  3.87636  3.97967  0  0  0  0  963.403  145  143
30  2  0.530425  -2.29667  115.079  115.103  0.33  0  0  0  0  119  0
31  21  1.90436  0.737174  0.98533  2.26735  0  0  0  0  0.137174  128  147
32  1  -1.77973  -1.61177  -23.2617  23.3876  0.33  0  0  0  0  129  0
33  21  0.174677  -0.122388  -1.22388  1.24232  0  0  0  0  2186.36  130  141
34  -1  -2.12398  0.881896  49.6246  49.679  0.33  0  0  0  0  0  129
35  -1  3.07815  -1.796  -1.37347  3.83353  0.33  0  0  0  0.160558  0  116
36  21  -2.18019  0.852362  -19.4694  19.6096  0  0  0  0  0  135  148
37  21  -0.763836  2.02422  -10.9346  11.1466  0  0  0  0  173.826  139  121
38  21  0.0789101  -2.51476  -6.49039  6.96099  0  0  0  0  174.133  137  127
39  21  1.29757  -1.02972  456.312  456.315  0  0  0  0  0  147  101
40  21  -0.70576  1.14142  -31.1168  31.1458  0  0  0  0  0  148  102
41  21  -2.66527  -0.147883  10.7456  11.0722  0  0  0  0  0  143  120
42  21  0.746472  -0.399139  -4.18992  4.27458  0  0  0  0  0.385527  141  131
43  2101  0.34158  -0.69134  676.797  676.798  0.57933  0  0  0  0  0  115
44  -1  -0.0793338  -0.291107  61.3451  61.3467  0.33  0  0  0  0  0  150
45  1  -0.536524  0.367396  24.0675  24.0786  0.33  0  0  0  0  102  0
46  1  0.546059  0.219731  37.361  37.3671  0.33  0  0  0  0  150  0
47  2101  -1.0541  0.673518  -777.312  777.313  0.57933  0  0  0  0  0  118
48  -1  -1.52116  0.218241  -130.407  130.417  0.33  0  0  0  0  0  119
16  31
1  2  -669.557  206.835  1649.79  1792.45  0.33  0  0  0  0  102  0
2  1  664.96  -196.53  32.1895  694.141  0.33  0  0  0  0  101  0
3  21  -2.13586  -6.70478  87.7946  88.0761  0  0  0  0  0.541639  103  108
4  21  -2.22957  -0.637059  -11.1715  11.4096  0  0  0  0  1.86209  123  121
5  21  8.05388  -3.02998  4.17476  9.56422  0  0  0  0  0.583173  120  101
6  21  1.41991  -1.12834  -23.3257  23.3961  0  0  0  0  1.99384  115  107
7  21  0.265126  -0.784115  -1.01856  1.31248  0  0  0  0  0.853769  108  120
8  21  -0.956782  -2.04732  -1.29794  2.60607  0  0  0  0  0.963613  121  102
9  21  -1.36756  2.6065  -36.553  36.6713  0  0  0  0  0.765898  107  123
10  2  -2.55277  -3.82588  35.5781  35.8756  0.33  0  0  0  0  105  0
11  21  2.67082  3.93178  7.5171  8.89376  0  0  0  0  0.125192  104  125
12  1  4.37871  -2.35348  17.0074  17.7221  0.33  0  0  0  0  106  0
13  21  -4.34303  3.15344  7.4928  9.21673  0  0  0  0  0.0978914  109  105
14  21  2.84484  -0.780045  -53.5837  53.6648  0  0  0  0  0  111  114
15  2  -0.388468  -2.49802  9.19363  9.54058  0.33  0  0  0  0  112  0
16  -2  0.422814  3.02427  4.99854  5.8668  0.33  0  0  0  0.174608  0  104
17  21  -0.798139  1.37676  -17.4979  17.5702  0  0  0  0  0  114  129
18  21  -0.393509  2.56035  1.95681  3.24644  0  0  0  0  0.232474  124  109
19  -1  -2.87293  -0.818893  -18.6502  18.8908  0.33  0  0  0  0  0  115
20  21  -0.0876131  -1.93207  -4.20327  4.62689  0  0  0  0  0.691226  116  111
21  21  0.727352  0.846701  -3.13712  3.32978  0  0  0  0  0.150101  118  124
22  21  1.90371  -2.16446  2.49622  3.81315  0  0  0  0  0.212082  125  106
23  21  -0.603191  -0.0403757  30.2586  30.2646  0  0  0  0  0  127  112
24  21  0.202731  1.14946  -4.63346  4.77821  0  0  0  0  0  129  118
25  1  -0.247102  -0.538444  110.769  110.771  0.33  0  0  0  0  131  0
26  -1  0.0914644  0.204311  98.0805  98.0813  0.33  0  0  0  0  0  103
27  2203  0.137863  0.0208996  -1075.73  1075.73  0.77133  0  0  0  0  0  133
28  1  0.454563  0.103841  -848.488  848.489  0.33  0  0  0  0  133  0
29  -3  0.1  0.2  -0.1  0.556776  0.5  0  0  0  100  0  116
30  -3  0.1  0.2  -0.1  0.556776  0.5  0  0  0  100  0  127
31  -3  0.1  0.2  -0.1  0.556776  0.5  0  0  0  100  0  131
17  35
1  -4  180.329  -458.504  -54.6372  495.713  1.5  0  0  0  0  0  103
2  1  -361.801  577.851  524.816  860.374  0.33  0  0  0  0  115  0
3  21  69.4337  48.3369  40.6731  93.8712  0  0  0  0  0.00305738  105  106
4  21  -3.04713  -2.99219  -2.55719  4.9777  0  0  0  0  0.0899286  103  109
5  21  2.35274  3.02258  -2.5761  4.61602  0  0  0  0  0.571198  125  104
6  21  5.79981  9.23893  60.4425  61.419  0  0  0  0  0.213892  104  107
7  4  75.6235  -207.615  -37.9989  224.208  1.5  0  0  0  0.599827  101  0
8  21  16.2399  7.6434  -5.0112  18.6351  0  0  0  0  0.0257038  124  105
9  21  1.7178  3.83326  -5.02676  6.55081  0  0  0  0  0.0772336  111  123
10  21  -3.32372  2.35387  228.846  228.883  0  0  0  0  6.2553  112  102
11  21  -1.92515  8.5992  6.95353  11.2252  0  0  0  0  0.509164  102  115
12  21  5.29372  4.02841  0.885513  6.71087  0  0  0  0  0.0644146  106  121
13  21  3.97802  -1.37311  -0.898504  4.30319  0  0  0  0  0.176617  123  101
14  21  0.604823  0.657831  -2.4039  2.56462  0  0  0  0  0.257625  109  124
15  21  9.25262  5.50128  -0.312631  10.7691  0  0  0  0  0.277459  121  125
16  21  -1.55848  -1.09519  -19.661  19.753  0  0  0  0  2.29609  126  111
17  1  -0.88429  2.68734  1.14727  3.07065  0.33  0  0  0  0.106166  114  0
18  -1  -1.50252  -1.85507  -18.6225  18.7778  0.33  0  0  0  0  0  128
19  21  2.25632  -1.43094  -4.99923  5.66841  0  0  0  0  0.347558  122  130
20  21  1.13103  -3.23315  9.27827  9.89033  0  0  0  0  0.267939  118  133
21  21  -2.42434  2.81361  41.3856  41.5519  0  0  0  0  0  119  127
22  2  -0.339278  1.76282  -28.3066  28.3654  0.33  0  0  0  0  116  0
23  21  -0.647102  -0.174042  -0.435872  0.799385  0  0  0  0  1542.17  130  118
24  21  1.50733  -2.07661  -45.2861  45.3588  0  0  0  0  1541.62  128  122
25  21  0.0626911  1.17494  -0.269686  1.20712  0  0  0  0  1231.75  127  114
26  2  0.917224  2.13655  -344.697  344.705  0.33  0  0  0  0  107  0
27  1  -1.0311  0.956356  31.0015  31.0351  0.33  0  0  0  0  113  0
28  21  -0.0728003  0.403792  406.387  406.387  0  0  0  0  0  135  119
29  21  0.205327  -0.44058  39.503  39.506  0  0  0  0  61.8176  133  135
30  2203  0.785795  0.591605  514.244  514.245  0.77133  0  0  0  0  0  116
31  -1  0.863818  -0.428698  71.4912  71.4985  0.33  0  0  0  0  0  112
32  2101  -0.588322  -0.722078  -417.126  417.128  0.57933  0  0  0  0  0  138
33  -1  0.643482  -0.21332  -579.049  579.049  0.33  0  0  0  0  0  113
34  1  -0.0782107  -0.690323  -236.436  236.437  0.33  0  0  0  0  138  0
35  -2  0.224881  -0.749837  -170.744  170.746  0.33  0  0  0  0  0  126
18  18
1  2  174.474  -260.278  -0.088453  313.346  0.33  0  0  0  0  108  0
2  2  -307.95  520.019  135.774  619.426  0.33  0  0  0  0  111  0
3  21  -68.5913  -23.2315  -66.6646  98.4309  0  0  0  0  0.00751136  103  115
4  21  26.6815  -10.958  -16.8452  33.4027  0  0  0  0  0.0529521  102  109
5  21  53.0617  -63.169  2.93803  82.55  0  0  0  0  0.0210213  105  104
6  21  9.53753  0.0621252  -121.925  122.298  0  0  0  0  0.649507  106  103
7  21  6.00587  -4.19093  34.116  34.8932  0  0  0  0  0.296122  107  110
8  21  154.219  -237.657  8.85048  283.448  0  0  0  0  2.17254  104  108
9  22  -3.77906  4.44874  6.79075  8.95471  0  0  0  0  0.120102  0  0
10  21  9.50208  -8.32739  0.33987  12.6392  0  0  0  0  0.164208  109  105
11  21  -4.33011  2.77821  4.35385  6.73976  0  0  0  0  0.334971  112  101
12  21  -42.9008  76.366  21.0742  90.0909  0  0  0  0  6.95069  101  111
13  21  -1.14285  2.39183  -0.915523  2.80448  0  0  0  0  0.513829  110  112
14  21  -1.82375  0.883996  294.021  294.028  0  0  0  0  0  113  107
15  21  -0.341683  -0.760062  -0.0333138  0.833997  0  0  0  0  0.279786  115  102
16  21  -1.06319  0.7394  -20.7045  20.7449  0  0  0  0  0  116  106
17  2101  -0.470069  0.630357  1357.14  1357.14  0.57933  0  0  0  0  0  113
18  2101  -1.08931  0.251592  -1638.23  1638.23  0.57933  0  0  0  0  0  116
19  54
1  2  219.923  205.568  179.504  350.494  0.33  0  0  0  4.66333  125  0
2  2  -520.571  -434.525  -640.803  932.971  0.33  0  0  0  0  101  0
3  2  -8.27987  -6.15668  -11.1466  15.1926  0.33  0  0  0  1.61173  105  0
4  21  22.4359  2.91746  336.042  336.802  0  0  0  0  0.29525  104  103
5  21  -13.5551  -23.8596  7.5286  28.4552  0  0  0  0  0.00512236  115  105
6  21  12.2847  -1.35718  250.721  251.025  0  0  0  0  0.898317  106  104
7  21  -0.301807  2.92458  -16.3365  16.599  0  0  0  0  0.037765  112  124
8  21  2.96837  -6.00258  -19.8985  20.9951  0  0  0  0  0.108862  102  128
9  21  0.664137  -4.28338  3.62935  5.65337  0  0  0  0  0.116945  113  102
10  21  5.28992  8.84566  6.888  12.3965  0  0  0  0  0.340853  137  116
11  21  -2.97509  0.523507  0.625738  3.08492  0  0  0  0  0.211547  118  123
12  21  40.6093  38.3218  31.3859  64.0527  0  0  0  0  3.61417  116  138
13  21  -4.02499  -3.68866  196.352  196.428  0  0  0  0  2.89547  117  106
14  21  3.91728  -0.105331  14.5337  15.0528  0  0  0  0  0.0803047  103  118
15  21  -15.3407  -16.0944  1.45497  22.2819  0  0  0  0  0.103864  129  115
16  21  0.280045  7.9356  -8.52878  11.653  0  0  0  0  0.189905  124  107
17  21  128.049  114.348  100.894  199.127  0  0  0  0  0  114  125
18  21  2.45389  1.16014  -17.7459  17.9523  0  0  0  0  0.435754  128  112
19  21  0.207052  -0.242022  0.97997  1.03043  0  0  0  0  0.476438  123  129
20  21  1.32879  -1.79794  -5.21325  5.67241  0  0  0  0  0.452631  135  113
21  21  0.218136  2.60155  4.51381  5.21441  0  0  0  0  0.715698  107  137
22  21  84.7289  71.9312  66.3527  129.444  0  0  0  0  0.189972  138  140
23  21  77.4772  69.1416  58.5013  119.188  0  0  0  0  6.01828  140  114
24  -2  -36.7669  -31.438  -39.8451  62.6729  0.33  0  0  0  0.0460867  0  101
25  21  -0.315402  1.69802  -418.825  418.828  0  0  0  0  59.1322  145  135
26  4  3.41732  -0.0442526  4.46616  5.82036  1.5  0  0  0  0.125823  111  0
27  21  11.2666  0.599432  -24.3397  26.8275  0  0  0  0  0  109  110
28  2  -4.91516  1.97524  32.4627  32.8937  0.33  0  0  0  0  108  0
29  -4  -10.5174  -3.02805  23.5394  26.0026  1.5  0  0  0  0.0294028  0  108
30  21  -0.705579  0.908573  0.522535  1.26348  0  0  0  0  0.351244  110  142
31  21  -3.04954  0.0779989  -4.61518  5.53224  0  0  0  0  15.7928  122  119
32  21  3.16229  -1.96592  -34.8186  35.0172  0  0  0  0  17.1747  120  136
33  21  -3.53976  4.87677  -3.54868  6.99328  0  0  0  0  1175.6  119  143
34  21  -0.464949  -3.78799  -0.253552  3.82483  0  0  0  0  1175.44  126  141
35  21  -0.880353  -1.45208  -65.9917  66.0136  0  0  0  0  0  121  111
36  21  1.80703  2.0404  -42.9498  43.0362  0  0  0  0  15.5968  136  121
37  21  -1.04813  2.08245  143.958  143.977  0  0  0  0  0  153  148
38  21  -0.160348  0.942741  0.380285  1.02912  0  0  0  0  0.312747  133  132
39  21  1.24048  -1.10153  46.0077  46.0376  0  0  0  0  0  131  152
40  21  -1.57339  -0.694514  -8.96774  9.13117  0  0  0  0  0  139  150
41  21  0.994438  0.0719731  -5.42313  5.51402  0  0  0  0  7.56064  132  120
42  21  0.285406  -1.52594  5.21101  5.43733  0  0  0  0  65.7793  141  146
43  21  -2.94121  0.105388  1.37048  3.24654  0  0  0  0  65.9152  143  126
44  21  0.601306  -1.13847  51.8748  51.8908  0  0  0  0  0  146  131
45  21  1.57512  -0.383218  43.3006  43.3309  0  0  0  0  12.9309  152  127
46  1  1.06639  1.20759  -90.6295  90.6444  0.33  0  0  0  0  127  0
47  21  -0.676827  -1.00351  -5.18445  5.32388  0  0  0  0  0.534239  150  122
48  21  2.29972  2.85172  11.3792  11.9544  0  0  0  0  0  148  133
49  1  1.21922  0.228721  473.826  473.828  0.33  0  0  0  0  142  0
50  2101  0.478159  0.354792  -620.487  620.488  0.57933  0  0  0  0  0  139
51  -1  0.354177  -0.564546  -12.6532  12.675  0.33  0  0  0  0  0  145
52  -3  0.1  0.2  -0.1  0.556776  0.5  0  0  0  100  0  117
53  -3  0.1  0.2  -0.1  0.556776  0.5  0  0  0  100  0  109
54  -3  0.1  0.2  -0.1  0.556776  0.5  0  0  0  100  0  153
20  21
1  2  -375.069  48.2223  180.863  419.182  0.33  0  0  0  0  111  0
2  1  355.942  -30.5969  -228.185  423.91  0.33  0  0  0  0  101  0
3  21  78.8533  -30.9502  -51.9633  99.3778  0  0  0  0  0.0646085  110  103
4  21  -192.587  18.2668  81.6165  209.964  0  0  0  0  0.352076  102  105
5  21  -8.69448  2.35142  -0.606671  9.02725  0  0  0  0  0.168391  106  112
6  21  -4.88572  -2.20258  3.23969  6.26237  0  0  0  0  0.312065  114  102
7  21  -4.63408  -7.50275  24.6498  26.1798  0  0  0  0  0.13589  108  101
8  21  -81.4815  12.6878  42.791  92.9046  0  0  0  0  1.27933  105  109
9  21  9.12504  1.85309  -6.5035  11.3576  0  0  0  0  0.215912  104  110
10  21  -66.9427  8.73807  37.2714  77.1158  0  0  0  0  1.77793  109  111
11  -1  316.646  -28.0462  -192.071  371.406  0.33  0  0  0  3.18845  0  104
12  21  -2.10059  -1.06599  -7.85805  8.20352  0  0  0  0  0.109587  112  107
13  21  -2.37482  3.44923  -168.442  168.494  0  0  0  0  4.28174  103  113
14  21  -13.7545  0.777709  5.66707  14.8965  0  0  0  0  0.0821164  115  114
15  21  -11.1189  3.19071  0.687096  11.588  0  0  0  0  0.473772  107  115
16  21  0.427982  -0.132139  -44.747  44.7493  0  0  0  0  0  119  106
17  -2  -0.451726  0.0747975  -30.6723  30.6775  0.33  0  0  0  33.2824  0  108
18  2101  0.763377  -1.07935  1674.48  1674.48  0.57933  0  0  0  0  0  117
19  2203  1.02566  0.950664  -932.607  932.608  0.77133  0  0  0  0  0  119
20  1  1.07293  0.933653  -180.509  180.515  0.33  0  0  0  0  117  0
21  2  0.238101  0.0798854  -207.101  207.101  0.33  0  0  0  0  113  0
21  36
1  2  -247.966  137.841  12.2015  283.965  0.33  0  0  0  2.33739  106  0
2  2  699.48  -381.138  -712.04  1068.43  0.33  0  0  0  0  101  0
3  21  -0.758019  7.96057  0.87212  8.04399  0  0  0  0  0.168435  103  116
4  21  2.14862  0.333276  5.77776  6.17334  0  0  0  0  0.0544056  104  115
5  21  -5.57635  -0.251748  63.8233  64.0669  0  0  0  0  0.906502  105  133
6  21  -351.279  180.211  10.8397  394.956  0  0  0  0  0  109  106
7  21  1.83453  2.42466  8.52142  9.04761  0  0  0  0  0.100846  107  104
8  21  1.28393  -3.37281  8.32883  9.0771  0  0  0  0  1.16987  108  103
9  21  -96.6263  51.4306  5.18031  109.584  0  0  0  0  2.10641  119  109
10  21  -3.54449  1.91475  2.38522  4.68178  0  0  0  0  2.50324  102  119
11  21  1.25518  0.554479  42.7023  42.7243  0  0  0  0  9.82378  128  112
12  21  0.635857  -0.591986  25.4616  25.4764  0  0  0  0  19.0245  136  128
13  21  1.50872  -0.731613  19.0804  19.1539  0  0  0  0  1.84484  112  123
14  21  -0.0187503  -1.60801  229.647  229.652  0  0  0  0  13.4744  114  131
15  21  -0.114056  2.92191  219.218  219.237  0  0  0  0  13.8929  111  136
16  -1  -0.425664  -0.866317  0.140707  1.02975  0.33  0  0  0  0.768388  0  114
17  21  -2.55955  2.6775  473.648  473.663  0  0  0  0  0  113  111
18  21  -0.533419  0.361462  -0.21145  0.67816  0  0  0  0  0  110  117
19  21  3.91855  -1.04158  8.39774  9.32534  0  0  0  0  0  115  127
20  21  -4.05388  1.83194  -0.544899  4.48184  0  0  0  0  0.101781  117  102
21  21  -1.054  2.75824  3.55498  4.62133  0  0  0  0  0.453582  116  107
22  1  2.94112  -2.48963  -15.9822  16.4435  0.33  0  0  0  0  118  0
23  21  0.315074  -0.875665  3.5384  3.65874  0  0  0  0  1.07415  120  108
24  21  0.533829  0.275536  -2.11156  2.19536  0  0  0  0  0.299633  125  110
25  21  -2.88744  1.16414  51.8411  51.9345  0  0  0  0  0  123  105
26  21  0.998383  -1.37639  -2.794  3.27073  0  0  0  0  479.804  124  101
27  21  0.941536  0.246843  1.27039  1.60041  0  0  0  0  0.67894  127  124
28  21  1.10775  1.51685  -62.1403  62.1687  0  0  0  0  0  126  125
29  21  -0.788025  -1.07223  5.50025  5.65893  0  0  0  0  1.32263  133  120
30  21  -0.166424  -0.0523925  132.087  132.087  0  0  0  0  0  131  113
31  2  0.00136172  -0.827767  -86.6862  86.6908  0.33  0  0  0  0  129  0
32  2103  -0.535714  0.0178532  607.357  607.358  0.77133  0  0  0  0  0  118
33  1  -0.0176301  -0.14655  -1058.87  1058.87  0.33  0  0  0  0  138  0
34  -3  0.1  0.2  -0.1  0.556776  0.5  0  0  0  100  0  126
35  -3  0.1  0.2  -0.1  0.556776  0.5  0  0  0  100  0  129
36  -3  0.1  0.2  -0.1  0.556776  0.5  0  0  0  100  0  138
22  26
1  21  3.11702  -10.6744  -2.0899  11.3148  0  0  0  0  0.283353  111  105
2  2  -313.448  638.135  -161.81  729.142  0.33  0  0  0  0  103  0
3  4  -14.6652  -18.7046  -3.2842  24.041  1.5  0  0  0  0.0367791  102  0
4  -3  -2.8764  -5.42439  12.6095  14.0338  0.5  0  0  0  0.109347  0  108
5  -4  11.7112  -65.7302  -38.9964  77.3342  1.5  0  0  0  0.00651521  0  104
6  21  -4.53453  7.04918  12.7333  15.2443  0  0  0  0  0.0619884  107  125
7  4  0.280097  8.87806  -4.98833  10.2972  1.5  0  0  0  0.0887499  108  0
8  3  29.8637  -50.8434  68.2063  90.1623  0.5  0  0  0  0.00876709  105  0
9  21  3.31041  9.10158  -285.158  285.323  0  0  0  0  1.76875  109  101
10  21  1.80595  -5.35387  40.8727  41.2614  0  0  0  0  0.506404  110  107
11  21  246.263  -426.689  38.4779  494.155  0  0  0  0  0  112  111
12  21  34.3808  -63.8778  10.6005  73.3129  0  0  0  0  1.69509  124  112
13  -4  -1.52485  -2.50087  -3.83832  5.05591  1.5  0  0  0  0.155314  0  103
14  21  1.56064  -1.56324  75.8555  75.8876  0  0  0  0  5.97783  101  115
15  21  7.72829  -10.2381  0.473228  12.8363  0  0  0  0  2.73831  104  124
16  21  -2.68282  0.491286  0.394187  2.75577  0  0  0  0  0.25516  125  102
17  21  -0.88363  -1.53122  -370.891  370.895  0  0  0  0  0  118  109
18  21  1.12578  1.98094  -137.427  137.446  0  0  0  0  8.57619  120  119
19  21  -1.02896  -0.56748  -2.86871  3.10005  0  0  0  0  0  115  129
20  21  1.85905  1.61011  1.66921  2.97234  0  0  0  0  0.162402  128  130
21  21  -0.201543  -1.48389  -0.712286  1.65829  0  0  0  0  0.41755  129  128
22  21  0.0240791  -1.9902  -57.6668  57.7012  0  0  0  0  4.97654  130  118
23  21  -0.121597  1.29585  -144.315  144.321  0  0  0  0  0  132  120
24  2  -0.63483  -0.495522  39.9635  39.9729  0.33  0  0  0  0  119  0
25  2101  0.7078  -0.521462  1605.98  1605.98  0.57933  0  0  0  0  0  110
26  2101  -1.13547  -0.352575  -693.792  693.793  0.57933  0  0  0  0  0  132
23  26
1  2  207.61  345.121  280.586  490.855  0.33  0  0  0  0  109  0
2  21  -86.5874  -117.108  51.711  154.55  0  0  0  0  0.129401  114  104
3  21  -215.865  -390.909  145.318  469.601  0  0  0  0  0  104  103
4  21  15.4485  -14.3134  -129.94  131.636  0  0  0  0  0.155086  105  102
5  21  13.3602  34.2144  24.3739  44.0819  0  0  0  0  0.178403  119  106
6  21  -20.4236  -21.2541  21.8923  36.717  0  0  0  0  0.224852  101  107
7  21  47.2723  93.0048  70.8324  126.102  0  0  0  0  0.650699  106  108
8  21  84.1648  132.024  114.156  193.767  0  0  0  0  3.11705  108  109
9  21  3.93769  -3.5685  48.7236  49.0125  0  0  0  0  1.18677  110  115
10  21  -48.6344  -72.5859  26.3288  91.2536  0  0  0  0  1.7298  107  114
11  21  -2.99574  -1.52782  4.30661  5.46403  0  0  0  0  1.36816  115  101
12  2  2.15464  1.62747  -365.046  365.056  0.33  0  0  0  39.0043  103  0
13  21  5.31962  16.0657  7.8532  18.6569  0  0  0  0  1.3827  102  119
14  2  -2.32813  -2.9571  -19.254  19.6212  0.33  0  0  0  0  113  0
15  -2  -0.495763  3.27475  4.50111  5.59809  0.33  0  0  0  0.111491  0  112
16  21  -0.142189  0.254918  -2.02728  2.04819  0  0  0  0  9.04248  112  117
17  21  -1.07854  -0.2181  10.36  10.4183  0  0  0  0  0  120  110
18  2  1.66643  -1.29702  37.591  37.6517  0.33  0  0  0  0  118  0
19  21  -0.766366  -0.822393  -2.14725  2.4237  0  0  0  0  0.182103  117  120
20  1  -2.72138  -1.87334  -207.836  207.863  0.33  0  0  0  0  116  0
21  2101  0.980997  0.546182  1152.81  1152.81  0.57933  0  0  0  0  0  116
22  -2  0.235656  0.365383  64.8562  64.8585  0.33  0  0  0  0  0  111
23  2  -0.111923  1.93592  -1339.95  1339.95  0.33  0  0  0  0  111  0
24  -3  0.1  0.2  -0.1  0.556776  0.5  0  0  0  100  0  105
25  -3  0.1  0.2  -0.1  0.556776  0.5  0  0  0  100  0  113
26  -3  0.1  0.2  -0.1  0.556776  0.5  0  0  0  100  0  118
24  31
1  2  -672.943  524.463  294.416  902.549  0.33  0  0  0  0  102  0
2  2  305.585  -32.0842  -11.7713  307.491  0.33  0  0  0  0.00235192  109  0
3  21  5.58009  -4.08632  5.59951  8.89887  0  0  0  0  2.64879  106  124
4  21  -17.4499  -83.7363  -29.2571  90.4005  0  0  0  0  0.00436293  104  107
5  21  11.5506  -24.6488  107.562  110.953  0  0  0  0  0.118411  108  116
6  21  142.555  -115.115  145.938  234.246  0  0  0  0  0.0606159  101  117
7  21  -25.7486  0.865772  -5.90702  26.4317  0  0  0  0  0.0192462  107  102
8  21  -1.2309  -7.11372  14.4809  16.1807  0  0  0  0  0.337422  105  110
9  -4  20.9028  -9.08193  11.7847  25.7009  1.5  0  0  0  0.0427277  0  118
10  21  -0.743332  -27.6244  81.9473  86.4814  0  0  0  0  2.29226  121  108
11  21  -1.13811  -4.0796  26.0759  26.4176  0  0  0  0  0.461873  110  111
12  21  158.972  -119.385  232.695  306.059  0  0  0  0  0  115  103
13  21  0.941167  -2.2734  25.7038  25.8213  0  0  0  0  0.467648  116  120
14  21  16.7982  -18.1084  18.3159  30.7501  0  0  0  0  1.08694  117  106
15  21  2.78548  0.99913  3.59748  4.65822  0  0  0  0  0.21962  118  109
16  21  2.18396  2.5279  12.0989  12.5517  0  0  0  0  0.447666  119  105
17  4  2.39713  -4.00367  5.97579  7.72889  1.5  0  0  0  0.22521  103  0
18  21  2.63028  -1.73193  0.547242  3.19647  0  0  0  0  0.593418  120  101
19  21  -6.92785  -33.3126  95.2798  101.173  0  0  0  0  0.0156785  111  121
20  21  0.360362  -2.74045  -3.43583  4.40963  0  0  0  0  0.227598  122  104
21  21  2.32533  -1.26505  36.8756  36.9705  0  0  0  0  2.16979  123  119
22  21  52.3954  -37.4146  72.6104  97.0433  0  0  0  0  0.86174  124  115
23  21  0.120324  -0.390722  -1.68868  1.73747  0  0  0  0  4.08881  132  122
24  1  -5.39033  1.69343  25.5805  26.1991  0.33  0  0  0  0  114  0
25  21  7.869  -1.92403  8.12683  11.4747  0  0  0  0  0.0575016  113  114
26  -1  -1.67615  0.723803  14.9131  15.0281  0.33  0  0  0  3.58229  0  123
27  21  -1.77241  0.115456  -52.7314  52.7613  0  0  0  0  0  127  113
28  21  1.12712  -0.510585  -35.7526  35.774  0  0  0  0  0  112  129
29  21  -2.10505  -0.630619  -7.1519  7.48188  0  0  0  0  0.612371  129  132
30  2101  -0.16629  -0.245294  655.501  655.501  0.57933  0  0  0  0  0  112
31  2101  0.211701  0.117517  -1747.93  1747.93  0.57933  0  0  0  0  0  127
25  21
1  2  -308.383  18.985  -5.01731  309.008  0.33  0  0  0  0.0194216  110  0
2  -2  475.049  -29.5012  163.899  503.393  0.33  0  0  0  0  0  105
3  21  56.0378  -31.4754  110.635  127.95  0  0  0  0  0.0140527  103  108
4  21  -188.198  22.4013  -65.2425  200.441  0  0  0  0  0  107  119
5  21  90.1568  6.792  -17.1874  92.0314  0  0  0  0  0.0138022  106  109
6  21  26.2366  3.32788  8.40559  27.7505  0  0  0  0  0.507404  111  106
7  21  -24.4613  -1.38943  -10.8021  26.7763  0  0  0  0  0.470272  102  107
8  21  -3.86732  -2.69794  107.624  107.727  0  0  0  0  2.21707  108  103
9  21  34.243  -2.99864  -8.55558  35.4228  0  0  0  0  0.54483  109  112
10  21  -22.4691  0.443774  -3.67833  22.7725  0  0  0  0  0.382737  104  117
11  21  29.8549  0.333836  1.0617  29.8757  0  0  0  0  0.189826  105  111
12  21  3.03059  -1.63668  1.22317  3.65504  0  0  0  0  0.708731  112  118
13  21  -5.31151  1.06501  1.68945  5.67456  0  0  0  0  0.746525  117  110
14  21  -2.79188  1.07098  0.0394114  2.99051  0  0  0  0  0.787827  118  102
15  21  -158.687  15.4277  -56.7567  169.237  0  0  0  0  8.20558  119  104
16  21  3.98285  1.89166  2.91396  5.28513  0  0  0  0  0  113  116
17  21  -1.27142  -0.636091  -2.34483  2.74214  0  0  0  0  0.0695  116  115
18  1  -3.17537  -0.858909  -534.057  534.068  0.33  0  0  0  0  115  0
19  2103  -0.108964  -0.429715  1559.67  1559.67  0.77133  0  0  0  0  0  113
20  2203  0.377054  -0.324254  -1206.78  1206.78  0.77133  0  0  0  0  0  121
21  2  -0.243582  0.20919  -46.7424  46.7447  0.33  0  0  0  0  121  0
26  59
1  21  185.621  -182.615  75.7195  271.177  0  0  0  0  2.83334  112  150
2  1  -473.602  563.483  -183.871  758.696  0.33  0  0  0  0  102  0
3  21  -12.1144  -19.214  0.871615  22.7309  0  0  0  0  0.725179  104  138
4  21  -0.847667  5.54283  20.5008  21.2538  0  0  0  0  0.767792  105  125
5  21  -21.8216  16.9179  -9.95681  29.352  0  0  0  0  0.237763  106  130
6  21  -0.777057  4.43015  0.792006  4.56698  0  0  0  0  0.342762  107  102
7  21  -7.34403  -1.21019  -14.2335  16.0621  0  0  0  0  0.181861  108  133
8  -3  176.754  -178.574  65.9172  259.761  0.5  0  0  0  4.36246  0  112
9  21  -2.90178  -3.71661  -199.951  200.007  0  0  0  0  4.30514  113  156
10  21  5.95331  -5.14671  0.395026  7.8795  0  0  0  0  0.042985  114  101
11  21  -12.3562  8.84105  107.097  108.169  0  0  0  0  0.214461  125  122
12  3  186.509  -195.678  76.261  280.876  0.5  0  0  0  0  101  0
13  21  -10.3892  3.66127  -2.15112  11.2235  0  0  0  0  0.651732  130  107
14  21  -16.6988  -16.9426  0.877555  23.8049  0  0  0  0  0.00799936  138  114
15  21  1.03514  -0.579163  5.12904  5.26441  0  0  0  0  0.818348  143  120
16  21  0.815279  0.357727  -1.28698  1.56492  0  0  0  0  0.507429  144  154
17  21  0.580755  -6.9843  114.469  114.684  0  0  0  0  0  109  111
18  1  -2.02589  3.83855  21.6688  22.1017  0.33  0  0  0  0.31886  103  0
19  21  0.883508  -1.68087  -14.8726  14.9933  0  0  0  0  1.11487  131  139
20  2  3.47916  1.10707  -198.278  198.312  0.33  0  0  0  0  117  0
21  21  -1.68252  2.74447  5.87252  6.69697  0  0  0  0  0  111  116
22  21  1.36056  -0.14068  -12.1515  12.2282  0  0  0  0  0.964203  116  131
23  21  -6.67769  -1.55537  -39.061  39.6582  0  0  0  0  0.492652  139  117
24  21  -5.72207  5.3552  -67.0822  67.5385  0  0  0  0  0  118  108
25  21  0.958821  -1.4592  3.48336  3.89646  0  0  0  0  0.119904  120  106
26  21  0.719017  -1.82711  -6.27053  6.57075  0  0  0  0  0.634302  133  144
27  -1  -0.0367073  -0.864492  -44.321  44.3307  0.33  0  0  0  21.1391  0  119
28  21  -2.94472  2.05801  46.7163  46.8542  0  0  0  0  0  122  135
29  1  3.40407  -0.70186  5.53209  6.54166  0.33  0  0  0  0.184456  123  0
30  1  -3.29347  0.8243  9.98476  10.5513  0.33  0  0  0  0.235498  129  0
31  -1  5.24579  2.30464  32.8601  33.3575  0.33  0  0  0  0  0  160
32  21  0.980517  -1.9441  0.531157  2.24122  0  0  0  0  3024.35  150  129
33  21  -0.011763  -0.629132  -90.014  90.0162  0  0  0  0  0  159  113
34  21  -1.81006  1.00856  424.582  424.587  0  0  0  0  0  137  157
35  21  3.19783  -0.119672  21.5034  21.7402  0  0  0  0  0.832696  136  147
36  21  -0.276223  -0.895896  7.53003  7.58817  0  0  0  0  0  135  141
37  21  1.34956  -0.084422  162.525  162.531  0  0  0  0  68.3157  152  103
38  21  -1.07847  -4.2151  15.8541  16.4403  0  0  0  0  0  141  143
39  3  -0.444887  1.93198  0.679556  2.15459  0.5  0  0  0  0.160855  119  0
40  21  0.300562  0.0637172  2.07423  2.09686  0  0  0  0  4.07587  160  136
41  3  2.55523  -1.4666  -16.8216  17.085  0.5  0  0  0  0.684215  140  0
42  1  -1.51586  1.27076  -39.9688  40.019  0.33  0  0  0  0  115  0
43  2  -0.759065  2.47086  174.317  174.337  0.33  0  0  0  0  148  0
44  21  2.31962  0.926841  25.3176  25.4405  0  0  0  0  1.84328  147  152
45  21  1.42797  -1.4038  -31.7858  31.8488  0  0  0  0  0  158  118
46  21  0.54934  -0.523302  -13.2917  13.3133  0  0  0  0  0  156  158
47  21  0.00127196  0.623218  -0.996789  1.17558  0  0  0  0  1.05006  154  104
48  21  0.735883  1.45338  204.068  204.074  0  0  0  0  0  157  105
49  2101  0.16066  0.0375697  242.844  242.845  0.57933  0  0  0  0  0  137
50  -3  -0.0439382  0.0882853  -1.07532  1.18998  0.5  0  0  0  0  0  123
51  2  0.130838  -0.559179  -11.4013  11.4205  0.33  0  0  0  0  163  0
52  -1  -0.19507  0.0192843  -257.758  257.758  0.33  0  0  0  0  0  140
53  1  -0.00443026  -0.111015  -35.5679  35.5696  0.33  0  0  0  0  165  0
54  -1  -0.0700669  -0.14182  -45.2716  45.2731  0.33  0  0  0  0  0  109
55  -3  -0.301366  -0.511584  -20.6781  20.6927  0.5  0  0  0  0  0  165
56  -1  0.718289  0.13536  -517.857  517.857  0.33  0  0  0  0  0  115
57  -3  0.1  0.2  -0.1  0.556776  0.5  0  0  0  100  0  159
58  -3  0.1  0.2  -0.1  0.556776  0.5  0  0  0  100  0  148
59  -3  0.1  0.2  -0.1  0.556776  0.5  0  0  0  100  0  163
27  70
1  4  181.539  307.811  186.338  403.024  1.5  0  0  0  0  107  0
2  2  -206.532  -268.939  -301.296  453.611  0.33  0  0  0  1.05811  108  0
3  -4  68.9939  27.2652  -7.6755  74.597  1.5  0  0  0  0.00197646  0  135
4  21  29.3192  29.7404  -14.5941  44.239  0  0  0  0  0.0083603  104  102
5  21  -15.5673  -17.9852  6.45834  24.6479  0  0  0  0  0.0159829  103  105
6  21  -7.98625  -11.8382  8.63652  16.6887  0  0  0  0  0.0321751  105  106
7  21  18.9056  27.4098  6.94916  34.0149  0  0  0  0  0.302363  132  136
8  21  -145.588  -198.928  -233.4  339.476  0  0  0  0  0  110  108
9  21  63.3558  110.79  67.1408  144.209  0  0  0  0  0.148539  109  107
10  1  -53.137  -64.4789  -85.1914  119.326  0.33  0  0  0  3.9146  101  0
11  21  14.0681  14.7545  -2.18262  20.5029  0  0  0  0  0.192515  111  133
12  21  -9.13887  1.65418  8.56792  12.6358  0  0  0  0  0.0717343  144  146
13  21  1.94956  3.83442  -1.98017  4.73547  0  0  0  0  0.100216  117  104
14  21  2.88055  3.80407  -152.108  152.183  0  0  0  0  2.6893  106  143
15  22  51.2838  82.7072  45.2174  107.309  0  0  0  0  1.87498  0  0
16  21  -0.2482  3.04072  22.0041  22.2146  0  0  0  0  0.837245  131  112
17  21  1.22374  0.25512  1.57311  2.0093  0  0  0  0  0.636237  102  132
18  21  9.52603  3.07111  -1.71276  10.1543  0  0  0  0  0.428843  133  103
19  21  -1.83171  -5.17781  -5.17394  7.5455  0  0  0  0  0.110486  134  101
20  21  59.0492  24.6433  -1.01632  63.9932  0  0  0  0  1.43678  135  111
21  21  9.12826  16.3612  7.78322  20.2878  0  0  0  0  0.797473  136  149
22  -1  -81.0399  -99.375  -119.912  175.561  0.33  0  0  0  0.963952  0  110
23  21  -0.0952014  0.436821  -0.79167  0.909185  0  0  0  0  0.548162  112  144
24  21  11.5342  9.05151  6.32379  15.9674  0  0  0  0  1.13198  149  109
25  21  -0.212908  -0.95855  43.9403  43.9513  0  0  0  0  18.0543  176  131
26  21  4.84843  3.84099  -6.00232  8.61907  0  0  0  0  0.0863302  113  124
27  21  -5.69776  -5.60505  -229.722  229.861  0  0  0  0  0  115  122
28  21  0.893678  -1.16643  -9.57514  9.68724  0  0  0  0  178.127  160  125
29  21  0.804785  1.19816  -66.534  66.5496  0  0  0  0  13.1069  116  150
30  21  -1.42747  0.948529  -1.13027  2.05302  0  0  0  0  177.951  163  141
31  21  -1.90122  -1.22812  17.2171  17.3652  0  0  0  0  0  114  147
32  21  3.30437  5.69964  14.8501  16.2459  0  0  0  0  0.192902  151  118
33  21  -2.95939  -2.64873  24.8138  25.1296  0  0  0  0  0  119  120
34  21  1.90171  -2.18227  5.45075  6.17167  0  0  0  0  0.335486  120  129
35  21  -0.822238  1.0817  1.26169  1.85419  0  0  0  0  0  150  121
36  21  -1.35216  1.61902  8.45538  8.71453  0  0  0  0  0.580241  121  151
37  21  0.735567  1.22015  26.7985  26.8363  0  0  0  0  0  122  114
38  21  -1.98646  5.49694  -7.9851  9.89567  0  0  0  0  0.182774  141  160
39  21  -0.476691  -4.99812  18.0499  18.7352  0  0  0  0  0.348653  118  163
40  21  3.10979  1.10026  -4.98342  5.97627  0  0  0  0  0.337384  125  113
41  2  0.817133  -4.98897  -309.324  309.365  0.33  0  0  0  0  147  0
42  21  -1.43907  1.66168  -27.8041  27.8908  0  0  0  0  1.77659  124  116
43  2  -0.153301  -2.98148  339.98  339.994  0.33  0  0  0  0  129  0
44  21  2.21857  2.70022  -73.59  73.673  0  0  0  0  1.92908  143  128
45  21  1.25691  -1.74501  -17.354  17.4868  0  0  0  0  1.57458  142  117
46  21  -1.24899  3.42107  -44.7939  44.9417  0  0  0  0  3.45438  128  142
47  21  0.157911  -2.63555  -2.22676  3.45391  0  0  0  0  2.11595  146  134
48  21  -0.0820667  -2.06136  105.617  105.638  0  0  0  0  16.2731  137  176
49  21  -3.30637  -1.73556  2.48688  4.48652  0  0  0  0  895.766  140  168
50  21  1.24105  1.21352  18.7719  18.852  0  0  0  0  895.645  138  169
51  21  2.03501  -2.15152  321.681  321.694  0  0  0  0  0  123  152
52  21  -0.275533  0.566564  -38.1739  38.1791  0  0  0  0  0  139  115
53  21  -1.13807  -0.418553  88.1138  88.1221  0  0  0  0  0  152  153
54  21  2.01886  0.751771  -6.17365  6.53873  0  0  0  0  0.48299  155  175
55  21  -1.51532  0.222045  44.1508  44.1774  0  0  0  0  14.0573  153  171
56  21  -0.348805  -0.205082  -1.07558  1.14917  0  0  0  0  4.33696  154  155
57  21  -2.40301  -1.82027  2.8946  4.1793  0  0  0  0  0.137994  156  140
58  21  -1.03162  2.17311  2.84234  3.72364  0  0  0  0  0  159  173
59  21  0.640258  3.56973  9.64432  10.3037  0  0  0  0  0  169  159
60  21  -1.36672  0.11595  0.198192  1.38588  0  0  0  0  0.259692  168  170
61  21  1.93724  0.368227  -71.6377  71.6649  0  0  0  0  0  175  139
62  21  0.516613  2.18442  -0.695865  2.35007  0  0  0  0  11.3457  170  154
63  21  1.18196  -2.03952  4.71095  5.2678  0  0  0  0  11.0055  172  156
64  21  -0.677816  0.933539  12.5173  12.5704  0  0  0  0  0  171  138
65  21  0.378858  -0.100811  0.466135  0.60908  0  0  0  0  0.820525  173  172
66  2103  -0.373068  0.144151  529.361  529.362  0.77133  0  0  0  0  0  119
67  1  0.604688  -0.469732  -165.452  165.454  0.33  0  0  0  0  182  0
68  -3  0.1  0.2  -0.1  0.556776  0.5  0  0  0  100  0  137
69  -3  0.1  0.2  -0.1  0.556776  0.5  0  0  0  100  0  123
70  -3  0.1  0.2  -0.1  0.556776  0.5  0  0  0  100  0  182
28  41
1  -2  28.9991  74.9918  -19.1855  82.6614  0.33  0  0  0  0.0232883  0  138
2  2  -10.2201  -523.465  -60.1027  527.003  0.33  0  0  0  0  118  0
3  21  -43.158  -79.1212  -19.3889  92.1884  0  0  0  0  0.00318219  104  102
4  4  30.923  137.819  28.8434  144.169  1.5  0  0  0  0  108  0
5  21  -26.4913  94.6129  90.9937  133.915  0  0  0  0  0.00751927  115  130
6  21  -12.4949  -44.7529  27.4456  53.9648  0  0  0  0  0.0111722  132  121
7  21  40.6521  79.8409  52.6782  103.933  0  0  0  0  0.0620672  106  111
8  21  5.47756  -6.99839  19.5839  21.506  0  0  0  0  0.130748  114  109
9  21  -22.0863  -7.85392  78.9591  82.3653  0  0  0  0  0.0818002  103  110
10  2  -27.9123  117.715  -58.0192  134.173  0.33  0  0  0  0.00270756  105  0
11  21  6.67123  112.581  48.9108  122.928  0  0  0  0  0.0222371  124  108
12  21  23.8008  5.96212  -162.023  163.871  0  0  0  0  0.192356  113  131
13  21  -1.67853  5.26443  7.11707  9.01024  0  0  0  0  0.534547  123  114
14  21  2.6775  14.512  11.9487  18.9878  0  0  0  0  0.0619194  125  115
15  21  -1.27896  -38.7111  -5.05494  39.0606  0  0  0  0  1.11012  126  116
16  21  2.64587  3.01046  2.58565  4.7696  0  0  0  0  0.544554  134  122
17  -1  -2.39809  -17.6003  -0.365627  17.7698  0.33  0  0  0  2.09577  0  118
18  21  -2.39912  -2.87508  -4.70257  6.01132  0  0  0  0  0.308555  119  137
19  21  -2.58389  -0.75108  -1.20832  2.94968  0  0  0  0  0.14403  121  104
20  21  -8.8816  21.9939  -7.84298  24.9825  0  0  0  0  0.0874929  122  105
21  21  -3.023  23.2255  53.995  58.856  0  0  0  0  0.0977302  110  127
22  21  5.1351  50.3565  28.402  58.0415  0  0  0  0  0.450328  111  128
23  1  2.64132  -118.909  -12.638  119.609  0.33  0  0  0  1.2943  116  0
24  21  2.37893  5.75146  8.66793  10.6711  0  0  0  0  1.28084  101  133
25  21  -9.07639  -64.9385  -14.5321  67.1608  0  0  0  0  0.253592  102  126
26  21  -3.9036  16.0262  25.9419  30.7418  0  0  0  0  0.816164  127  123
27  21  0.621717  8.65062  1.83196  8.8643  0  0  0  0  1.01452  128  124
28  21  -3.22853  -0.367453  44.1367  44.2561  0  0  0  0  1.6938  109  129
29  21  -0.0404981  14.8987  11.9671  19.1098  0  0  0  0  0.517864  130  106
30  21  0.0450233  1.21198  -16.3969  16.4417  0  0  0  0  1.40774  131  136
31  21  1.44755  -4.5577  5.87317  7.57378  0  0  0  0  0.216922  107  132
32  21  8.54775  22.1944  19.7053  30.8861  0  0  0  0  0.519663  133  125
33  -4  19.2289  91.6692  21.4484  96.1004  1.5  0  0  0  8.61211  0  117
34  21  -0.205144  7.7009  1.43615  7.83636  0  0  0  0  0.316898  117  134
35  21  1.07849  2.37653  0.0921379  2.61142  0  0  0  0  0.155274  138  103
36  21  -2.24381  -1.85605  -3.86495  4.83916  0  0  0  0  0  136  119
37  21  0.885095  0.715035  25.2807  25.3063  0  0  0  0  0  139  107
38  21  0.65982  -0.0300087  -0.0865484  0.666149  0  0  0  0  0.519048  137  101
39  2103  -0.885783  0.242558  662.536  662.537  0.77133  0  0  0  0  0  139
40  2  -0.855925  -0.600392  533.351  533.352  0.33  0  0  0  0  129  0
41  2103  0.528787  0.0643836  -1428.32  1428.32  0.77133  0  0  0  0  0  113
29  27
1  21  -33.1432  -642.677  468.017  795.721  0  0  0  0  0  108  105
2  21  8.89288  155.203  -25.2295  157.492  0  0  0  0  5.00858  119  103
3  3  -10.2401  -16.6341  22.9175  30.1167  0.5  0  0  0  1.27551  117  0
4  21  -9.54717  15.8171  4.32403  18.9744  0  0  0  0  0.339382  102  118
5  2  24.3862  35.5921  -119.747  127.283  0.33  0  0  0  0.0767028  107  0
6  21  0.865313  -15.8894  -33.157  36.7778  0  0  0  0  0.0949905  124  107
7  21  11.0911  -123.667  87.3178  151.792  0  0  0  0  0.174037  121  108
8  2  11.5709  -8.95382  34.7368  37.6936  0.33  0  0  0  0.0637299  101  0
9  21  -2.96002  6.68729  3.26404  8.00846  0  0  0  0  0.199228  113  111
10  21  13.1951  -5.23918  -16.6279  21.8643  0  0  0  0  0.142304  109  110
11  21  1.83954  6.7568  -10.313  12.4658  0  0  0  0  0.169598  114  109
12  21  -5.37373  4.99528  -284.81  284.904  0  0  0  0  2.72298  112  104
13  21  -1.74875  11.3467  -4.76882  12.4317  0  0  0  0  0.151521  103  122
14  21  4.51396  18.5115  -0.685814  19.0663  0  0  0  0  0.104975  111  114
15  21  0.95072  0.0791114  0.308662  1.0027  0  0  0  0  0.368927  115  101
16  21  16.9488  173.572  -31.9499  177.3  0  0  0  0  0  106  116
17  21  -23.747  -28.6142  44.5145  58.002  0  0  0  0  0.393604  105  120
18  21  -22.5823  43.0904  -3.18218  48.7531  0  0  0  0  0.0177592  118  106
19  21  38.1085  426.576  -75.4946  434.878  0  0  0  0  2.09978  116  119
20  21  -2.28904  -7.86835  9.25077  12.3583  0  0  0  0  0.941016  120  117
21  21  1.12829  -11.363  2.93019  11.7888  0  0  0  0  0.409228  104  123
22  -3  -26.3934  -36.6653  42.1781  61.8078  0.5  0  0  0  0.0128325  0  115
23  21  3.03282  9.31425  -4.75178  10.8873  0  0  0  0  0.524958  122  113
24  21  1.74128  -5.77468  5.4712  8.14328  0  0  0  0  0.727012  123  121
25  21  -1.90911  -4.24085  -11.0357  11.9756  0  0  0  0  1.18986  110  124
26  2103  1.70363  0.16028  1182.52  1182.52  0.77133  0  0  0  0  0  102
27  2101  -0.0352822  -0.115713  -1285.99  1285.99  0.57933  0  0  0  0  0  112
30  76
1  2  229.345  -768.406  728.494  1083.4  0.33  0  0  0  0  106  0
2  21  -196.152  621.56  -218.503  687.427  0  0  0  0  0  101  105
3  21  4.47529  5.36276  -13.1623  14.9008  0  0  0  0  0.0856805  104  111
4  21  -18.4744  50.8392  -16.9818  56.6949  0  0  0  0  0.0249405  134  108
5  21  3.44664  -7.58155  1.27466  8.4252  0  0  0  0  0.0237773  115  106
6  21  2.33188  -9.36415  -66.7803  67.4739  0  0  0  0  0.287014  112  107
7  21  0.166446  16.697  -14.6504  22.2138  0  0  0  0  0.0526257  108  114
8  3  -6.49325  6.42519  6.91478  11.4678  0.5  0  0  0  0.253607  137  0
9  21  2.9361  -0.971296  0.973611  3.24222  0  0  0  0  0.113846  110  103
10  21  -17.1726  24.6744  -42.6616  52.1894  0  0  0  0  0.0175787  138  102
11  -3  -21.2775  55.9115  3.90487  59.9527  0.5  0  0  0  0.0561193  0  109
12  21  18.2496  -7.81916  -71.2225  73.938  0  0  0  0  0.0724534  103  142
13  21  3.40025  2.17343  -14.1037  14.6696  0  0  0  0  0.14148  114  110
14  21  -1.09929  -2.37408  -5.55263  6.13811  0  0  0  0  0.199568  102  140
15  21  0.623279  0.089938  -0.354987  0.722898  0  0  0  0  1.03944  136  101
16  21  -1.56541  5.72713  -4.13775  7.23682  0  0  0  0  0.666113  109  134
17  21  -0.790499  2.31088  8.17112  8.52832  0  0  0  0  0.786945  141  136
18  21  -5.82549  14.2007  -2.10106  15.4923  0  0  0  0  0.168824  105  137
19  21  -4.82272  3.07858  -6.87315  8.94296  0  0  0  0  1.3688  111  145
20  21  0.150898  -4.14284  0.199576  4.15039  0  0  0  0  0.542406  140  146
21  21  -3.08956  -0.993031  30.7578  30.9285  0  0  0  0  0.149975  126  141
22  21  1.90052  -3.59816  -14.8034  15.3525  0  0  0  0  1.05439  142  112
23  21  -2.48766  6.88278  -10.0968  12.4702  0  0  0  0  0.896337  145  138
24  21  7.8951  -12.8076  -0.257572  15.0477  0  0  0  0  0.073785  146  115
25  21  0.0464435  -3.43198  3.64175  5.00429  0  0  0  0  4.22857  139  118
26  1  -6.25056  -2.02316  -41.5872  42.1042  0.33  0  0  0  4.16476  117  0
27  -1  -1.13374  5.15945  -61.5144  61.7416  0.33  0  0  0  0  0  125
28  21  2.10604  1.21777  1.12265  2.67931  0  0  0  0  0.151716  118  147
29  21  2.34265  0.916227  -2.95693  3.88213  0  0  0  0  4.28466  116  155
30  21  -0.596341  -0.189976  0.626893  0.885837  0  0  0  0  2.05894  125  171
31  21  -0.276754  -3.79254  14.0332  14.5393  0  0  0  0  0.245049  124  184
32  21  4.36869  1.82934  -38.2484  38.5405  0  0  0  0  0  123  149
33  21  -3.88374  -0.031204  59.3563  59.4833  0  0  0  0  0  121  151
34  21  -0.12951  3.18029  -4.08928  5.18201  0  0  0  0  0.238529  133  159
35  21  -0.910094  -1.74678  -1.42145  2.429  0  0  0  0  0.241764  143  182
36  21  0.95078  -0.651743  -25.6436  25.6695  0  0  0  0  12.2231  122  144
37  21  0.585196  4.20689  -3.81506  5.70921  0  0  0  0  136.446  132  133
38  21  1.04759  -2.27898  -37.0937  37.1784  0  0  0  0  136.312  144  165
39  21  -2.19682  -0.417113  -10.6531  10.8852  0  0  0  0  137.212  130  117
40  21  2.16915  0.831387  -151.618  151.636  0  0  0  0  0  174  156
41  21  0.959348  -0.948262  -11.2477  11.3283  0  0  0  0  12.6924  150  154
42  21  -2.08896  -0.303914  -1.94397  2.86969  0  0  0  0  12.9273  148  163
43  21  0.438707  0.753242  0.359541  0.942925  0  0  0  0  147.335  147  124
44  21  0.752208  -0.152464  -1.3598  1.56145  0  0  0  0  13.8175  149  116
45  21  -1.6664  0.950693  -15.5489  15.6668  0  0  0  0  0  180  130
46  1  0.170264  1.48634  12.8241  12.9153  0.33  0  0  0  0  168  0
47  21  -0.853921  -0.418918  6.96655  7.03118  0  0  0  0  160.794  151  160
48  21  0.817548  -0.049232  -4.82592  4.89493  0  0  0  0  161.161  154  123
49  21  0.343732  1.76754  51.6157  51.647  0  0  0  0  0  152  186
50  21  -0.0147774  -0.799462  -1.09881  1.35895  0  0  0  0  1.38802  182  139
51  21  -0.980328  0.478066  -0.0575638  1.0922  0  0  0  0  69.2981  158  132
52  21  0.901956  0.645974  -19.4375  19.4692  0  0  0  0  69.0557  156  183
53  21  -1.78441  -1.9249  -67.7354  67.7862  0  0  0  0  0  173  122
54  21  -1.15831  0.124438  -0.66321  1.34053  0  0  0  0  114.412  155  148
55  21  0.310689  -0.717382  6.56546  6.61184  0  0  0  0  0  184  172
56  21  -0.223334  0.65416  -1.7785  1.9081  0  0  0  0  0  159  180
57  2  1.24617  -0.249281  0.971958  1.63361  0.33  0  0  0  0.130048  160  0
58  21  1.2281  -0.120901  17.5702  17.6135  0  0  0  0  2516.34  175  152
59  21  -0.154601  1.59829  80.9675  80.9834  0  0  0  0  0  186  121
60  1  2.55665  1.22531  0.0161873  2.85429  0.33  0  0  0  86.5366  164  0
61  21  -0.615861  -0.591829  -1.09054  1.38522  0  0  0  0  86.3942  163  143
62  21  0.838773  0.807375  -12.3018  12.3568  0  0  0  0  0  183  173
63  21  -0.151083  -2.41482  -15.6528  15.8387  0  0  0  0  1.21701  165  150
64  21  0.691914  0.184271  -88.1229  88.1258  0  0  0  0  0  107  174
65  2  2.91878  -0.152749  2.56354  3.9017  0.33  0  0  0  0  166  0
66  21  -0.888111  0.703911  0.814057  1.39532  0  0  0  0  0.352553  171  158
67  21  2.31065  -0.400826  23.3392  23.4567  0  0  0  0  0  172  175
68  2  0.61581  -1.37379  -57.9241  57.9446  0.33  0  0  0  0  169  0
69  1  0.198784  -0.517652  915.02  915.02  0.33  0  0  0  0  187  0
70  -1  -0.553334  -0.351972  21.2463  21.259  0.33  0  0  0  0  0  187
71  -1  -0.0813169  0.413801  0.072668  0.540393  0.33  0  0  0  0  0  164
72  2101  -0.0515761  -0.60772  -158.84  158.842  0.57933  0  0  0  0  0  166
73  -2  0.0565389  -0.350848  -659.871  659.871  0.33  0  0  0  0  0  104
74  -3  0.1  0.2  -0.1  0.556776  0.5  0  0  0  100  0  126
75  -3  0.1  0.2  -0.1  0.556776  0.5  0  0  0  100  0  168
76  -3  0.1  0.2  -0.1  0.556776  0.5  0  0  0  100  0  169
