   1     1  0.236641E-02  0.120448E-02  0.116193E-02  0.167103E+00
   1     2  0.640940E-02  0.320043E-02  0.320897E-02  0.536836E+00
   1     3  0.195977E-01  0.919604E-02  0.104017E-01  0.204706E+01
   1     4  0.321415E-01  0.140738E-01  0.180676E-01  0.404881E+01
   1     5  0.370164E-01  0.156575E-01  0.213589E-01  0.507280E+01
   1     6  0.383378E-01  0.160119E-01  0.223259E-01  0.540681E+01
   1     7  0.387308E-01  0.160938E-01  0.226371E-01  0.551405E+01
   1     8  0.388646E-01  0.161444E-01  0.227201E-01  0.554272E+01
   1     9  0.388455E-01  0.161529E-01  0.226926E-01  0.555589E+01
   1    10  0.388558E-01  0.161427E-01  0.227131E-01  0.555877E+01
   2     1  0.386712E-02  0.197156E-02  0.189556E-02  0.225264E+00
   2     2  0.905191E-02  0.450026E-02  0.455165E-02  0.618082E+00
   2     3  0.241503E-01  0.112447E-01  0.129056E-01  0.207988E+01
   2     4  0.378345E-01  0.165061E-01  0.213284E-01  0.400821E+01
   2     5  0.432069E-01  0.182495E-01  0.249573E-01  0.504692E+01
   2     6  0.447473E-01  0.186767E-01  0.260707E-01  0.540027E+01
   2     7  0.451646E-01  0.187794E-01  0.263852E-01  0.550508E+01
   2     8  0.453282E-01  0.188254E-01  0.265028E-01  0.554001E+01
   2     9  0.453522E-01  0.188470E-01  0.265052E-01  0.555840E+01
   2    10  0.453725E-01  0.188159E-01  0.265566E-01  0.556111E+01
   3     1  0.550868E-02  0.280082E-02  0.270786E-02  0.273730E+00
   3     2  0.116481E-01  0.576184E-02  0.588624E-02  0.670215E+00
   3     3  0.285109E-01  0.131898E-01  0.153211E-01  0.207015E+01
   3     4  0.434095E-01  0.188793E-01  0.245302E-01  0.394939E+01
   3     5  0.493550E-01  0.208199E-01  0.285351E-01  0.501757E+01
   3     6  0.511618E-01  0.213421E-01  0.298197E-01  0.538780E+01
   3     7  0.516001E-01  0.214620E-01  0.301381E-01  0.550207E+01
   3     8  0.517814E-01  0.215136E-01  0.302678E-01  0.553794E+01
   3     9  0.518385E-01  0.215259E-01  0.303127E-01  0.555116E+01
   3    10  0.518119E-01  0.215283E-01  0.302836E-01  0.555625E+01
   4     1  0.718389E-02  0.364413E-02  0.353976E-02  0.310492E+00
   4     2  0.141884E-01  0.697496E-02  0.721342E-02  0.701148E+00
   4     3  0.326791E-01  0.150208E-01  0.176584E-01  0.204038E+01
   4     4  0.488476E-01  0.212292E-01  0.276183E-01  0.387807E+01
   4     5  0.555138E-01  0.233981E-01  0.321156E-01  0.498272E+01
   4     6  0.574932E-01  0.239817E-01  0.335116E-01  0.537228E+01
   4     7  0.579810E-01  0.241036E-01  0.338774E-01  0.549845E+01
   4     8  0.582248E-01  0.241788E-01  0.340461E-01  0.553993E+01
   4     9  0.583252E-01  0.242355E-01  0.340897E-01  0.555180E+01
   4    10  0.583018E-01  0.241989E-01  0.341029E-01  0.555763E+01
   5     1  0.879714E-02  0.444540E-02  0.435174E-02  0.337342E+00
   5     2  0.165598E-01  0.808817E-02  0.847162E-02  0.717849E+00
   5     3  0.365910E-01  0.167397E-01  0.198513E-01  0.200082E+01
   5     4  0.541027E-01  0.234426E-01  0.306601E-01  0.380204E+01
   5     5  0.616158E-01  0.259756E-01  0.356402E-01  0.494584E+01
   5     6  0.637778E-01  0.266273E-01  0.371505E-01  0.536018E+01
   5     7  0.644997E-01  0.268103E-01  0.376894E-01  0.548740E+01
   5     8  0.647302E-01  0.268604E-01  0.378698E-01  0.553259E+01
   5     9  0.647480E-01  0.268866E-01  0.378615E-01  0.554853E+01
   5    10  0.647323E-01  0.268937E-01  0.378386E-01  0.555569E+01
   6     1  0.103185E-01  0.518885E-02  0.512969E-02  0.356205E+00
   6     2  0.187745E-01  0.913207E-02  0.964239E-02  0.723245E+00
   6     3  0.403313E-01  0.183919E-01  0.219394E-01  0.195495E+01
   6     4  0.593380E-01  0.257025E-01  0.336356E-01  0.372533E+01
   6     5  0.676268E-01  0.285020E-01  0.391248E-01  0.490657E+01
   6     6  0.701497E-01  0.292292E-01  0.409205E-01  0.534754E+01
   6     7  0.709424E-01  0.295040E-01  0.414385E-01  0.548596E+01
   6     8  0.712289E-01  0.295743E-01  0.416546E-01  0.553107E+01
   6     9  0.712413E-01  0.296017E-01  0.416396E-01  0.554822E+01
   6    10  0.712828E-01  0.296235E-01  0.416593E-01  0.555486E+01
   7     1  0.116967E-01  0.586598E-02  0.583071E-02  0.367576E+00
   7     2  0.207718E-01  0.100629E-01  0.107088E-01  0.722069E+00
   7     3  0.438927E-01  0.199454E-01  0.239474E-01  0.190530E+01
   7     4  0.644007E-01  0.278455E-01  0.365552E-01  0.364836E+01
   7     5  0.736370E-01  0.309987E-01  0.426383E-01  0.487073E+01
   7     6  0.764917E-01  0.319109E-01  0.445807E-01  0.533426E+01
   7     7  0.773815E-01  0.321411E-01  0.452404E-01  0.548067E+01
   7     8  0.776020E-01  0.322581E-01  0.453439E-01  0.552868E+01
   7     9  0.777632E-01  0.322968E-01  0.454664E-01  0.554891E+01
   7    10  0.777493E-01  0.322636E-01  0.454857E-01  0.555442E+01
   8     1  0.129698E-01  0.648491E-02  0.648487E-02  0.374288E+00
   8     2  0.226543E-01  0.109125E-01  0.117418E-01  0.715508E+00
   8     3  0.472883E-01  0.214196E-01  0.258687E-01  0.185770E+01
   8     4  0.693667E-01  0.299670E-01  0.393997E-01  0.357364E+01
   8     5  0.795385E-01  0.334799E-01  0.460586E-01  0.482603E+01
   8     6  0.828449E-01  0.345212E-01  0.483237E-01  0.532028E+01
   8     7  0.837486E-01  0.347829E-01  0.489657E-01  0.547984E+01
   8     8  0.840092E-01  0.348793E-01  0.491299E-01  0.552957E+01
   8     9  0.842013E-01  0.349939E-01  0.492074E-01  0.554708E+01
   8    10  0.842411E-01  0.349882E-01  0.492528E-01  0.555474E+01
   9     1  0.141090E-01  0.701887E-02  0.709014E-02  0.377403E+00
   9     2  0.243893E-01  0.117062E-01  0.126831E-01  0.705439E+00
   9     3  0.505060E-01  0.228163E-01  0.276897E-01  0.180941E+01
   9     4  0.742561E-01  0.320618E-01  0.421942E-01  0.349746E+01
   9     5  0.854573E-01  0.359341E-01  0.495231E-01  0.478698E+01
   9     6  0.891235E-01  0.371305E-01  0.519929E-01  0.530520E+01
   9     7  0.901201E-01  0.374749E-01  0.526452E-01  0.547736E+01
   9     8  0.906133E-01  0.376322E-01  0.529811E-01  0.552699E+01
   9     9  0.906286E-01  0.376565E-01  0.529721E-01  0.555063E+01
   9    10  0.906549E-01  0.376661E-01  0.529887E-01  0.555703E+01
  10     1  0.150967E-01  0.747561E-02  0.762108E-02  0.377023E+00
  10     2  0.259473E-01  0.124016E-01  0.135457E-01  0.693406E+00
  10     3  0.536785E-01  0.241777E-01  0.295008E-01  0.176156E+01
  10     4  0.790539E-01  0.340703E-01  0.449836E-01  0.342336E+01
  10     5  0.912887E-01  0.384161E-01  0.528726E-01  0.474753E+01
  10     6  0.954249E-01  0.397693E-01  0.556556E-01  0.528779E+01
  10     7  0.966160E-01  0.401341E-01  0.564819E-01  0.546436E+01
  10     8  0.969985E-01  0.403164E-01  0.566821E-01  0.552688E+01
  10     9  0.970723E-01  0.402946E-01  0.567777E-01  0.554955E+01
  10    10  0.971500E-01  0.403285E-01  0.568215E-01  0.555762E+01
  11     1  0.159722E-01  0.787788E-02  0.809429E-02  0.373334E+00
  11     2  0.273955E-01  0.130410E-01  0.143545E-01  0.679853E+00
  11     3  0.566115E-01  0.254510E-01  0.311605E-01  0.171539E+01
  11     4  0.837938E-01  0.360678E-01  0.477259E-01  0.335524E+01
  11     5  0.972128E-01  0.409241E-01  0.562887E-01  0.470468E+01
  11     6  0.101633E+00  0.423566E-01  0.592761E-01  0.527822E+01
  11     7  0.103031E+00  0.428045E-01  0.602262E-01  0.546176E+01
  11     8  0.103409E+00  0.429289E-01  0.604797E-01  0.552641E+01
  11     9  0.103555E+00  0.429843E-01  0.605706E-01  0.554620E+01
  11    10  0.103623E+00  0.430594E-01  0.605634E-01  0.555148E+01
  12     1  0.167279E-01  0.822428E-02  0.850365E-02  0.369109E+00
  12     2  0.287259E-01  0.136293E-01  0.150967E-01  0.665109E+00
  12     3  0.595163E-01  0.266624E-01  0.328539E-01  0.166972E+01
  12     4  0.884597E-01  0.380624E-01  0.503973E-01  0.328465E+01
  12     5  0.103023E+00  0.433270E-01  0.596957E-01  0.466272E+01
  12     6  0.108014E+00  0.450136E-01  0.630005E-01  0.526463E+01
  12     7  0.109465E+00  0.455009E-01  0.639643E-01  0.545723E+01
  12     8  0.109930E+00  0.456593E-01  0.642710E-01  0.552148E+01
  12     9  0.110093E+00  0.457341E-01  0.643593E-01  0.554276E+01
  12    10  0.110092E+00  0.456748E-01  0.644167E-01  0.555429E+01
  13     1  0.173705E-01  0.850444E-02  0.886608E-02  0.362951E+00
  13     2  0.298418E-01  0.141088E-01  0.157330E-01  0.649812E+00
  13     3  0.622400E-01  0.278583E-01  0.343817E-01  0.162694E+01
  13     4  0.930030E-01  0.399720E-01  0.530310E-01  0.321695E+01
  13     5  0.108787E+00  0.457087E-01  0.630780E-01  0.461875E+01
  13     6  0.114104E+00  0.475159E-01  0.665884E-01  0.524703E+01
  13     7  0.115851E+00  0.481652E-01  0.676855E-01  0.545010E+01
  13     8  0.116365E+00  0.483320E-01  0.680327E-01  0.552029E+01
  13     9  0.116527E+00  0.484181E-01  0.681090E-01  0.554372E+01
  13    10  0.116671E+00  0.484600E-01  0.682106E-01  0.555178E+01
  14     1  0.179360E-01  0.875446E-02  0.918156E-02  0.356223E+00
  14     2  0.309372E-01  0.145673E-01  0.163699E-01  0.633252E+00
  14     3  0.648851E-01  0.289896E-01  0.358954E-01  0.158608E+01
  14     4  0.975200E-01  0.418712E-01  0.556489E-01  0.315504E+01
  14     5  0.114567E+00  0.481380E-01  0.664294E-01  0.457702E+01
  14     6  0.120421E+00  0.501818E-01  0.702397E-01  0.523615E+01
  14     7  0.122265E+00  0.507873E-01  0.714777E-01  0.544528E+01
  14     8  0.122831E+00  0.510019E-01  0.718291E-01  0.552049E+01
  14     9  0.122993E+00  0.510817E-01  0.719117E-01  0.554691E+01
  14    10  0.123039E+00  0.510438E-01  0.719947E-01  0.555174E+01
  15     1  0.183747E-01  0.892415E-02  0.945059E-02  0.348495E+00
  15     2  0.318936E-01  0.149559E-01  0.169376E-01  0.617744E+00
  15     3  0.674314E-01  0.300562E-01  0.373752E-01  0.154595E+01
  15     4  0.101995E+00  0.437444E-01  0.582503E-01  0.309497E+01
  15     5  0.120055E+00  0.504492E-01  0.696059E-01  0.453649E+01
  15     6  0.126747E+00  0.528137E-01  0.739337E-01  0.521595E+01
  15     7  0.128612E+00  0.533929E-01  0.752196E-01  0.543917E+01
  15     8  0.129238E+00  0.537163E-01  0.755220E-01  0.551659E+01
  15     9  0.129423E+00  0.536949E-01  0.757282E-01  0.554483E+01
  15    10  0.129604E+00  0.538012E-01  0.758033E-01  0.555431E+01
  16     1  0.187550E-01  0.909363E-02  0.966142E-02  0.340266E+00
  16     2  0.327573E-01  0.153192E-01  0.174382E-01  0.601231E+00
  16     3  0.698299E-01  0.310352E-01  0.387947E-01  0.150855E+01
  16     4  0.106391E+00  0.456253E-01  0.607660E-01  0.303379E+01
  16     5  0.125809E+00  0.528741E-01  0.729345E-01  0.449214E+01
  16     6  0.132909E+00  0.554169E-01  0.774926E-01  0.520255E+01
  16     7  0.135022E+00  0.560634E-01  0.789587E-01  0.543861E+01
  16     8  0.135660E+00  0.563206E-01  0.793394E-01  0.551698E+01
  16     9  0.135922E+00  0.564341E-01  0.794879E-01  0.554318E+01
  16    10  0.135988E+00  0.564765E-01  0.795112E-01  0.555504E+01
  17     1  0.189673E-01  0.916138E-02  0.980596E-02  0.331743E+00
  17     2  0.334739E-01  0.156227E-01  0.178512E-01  0.586158E+00
  17     3  0.721750E-01  0.320412E-01  0.401338E-01  0.147117E+01
  17     4  0.110694E+00  0.474607E-01  0.632338E-01  0.297734E+01
  17     5  0.131445E+00  0.552269E-01  0.762180E-01  0.445252E+01
  17     6  0.139010E+00  0.579190E-01  0.810909E-01  0.518627E+01
  17     7  0.141486E+00  0.588135E-01  0.826730E-01  0.543085E+01
  17     8  0.142142E+00  0.590598E-01  0.830821E-01  0.551432E+01
  17     9  0.142376E+00  0.591353E-01  0.832405E-01  0.553975E+01
  17    10  0.142467E+00  0.591132E-01  0.833536E-01  0.555173E+01
  18     1  0.191986E-01  0.925379E-02  0.994481E-02  0.322904E+00
  18     2  0.341505E-01  0.159001E-01  0.182505E-01  0.569421E+00
  18     3  0.745117E-01  0.329814E-01  0.415303E-01  0.143529E+01
  18     4  0.114922E+00  0.491607E-01  0.657615E-01  0.292374E+01
  18     5  0.137047E+00  0.575976E-01  0.794492E-01  0.441032E+01
  18     6  0.145198E+00  0.605018E-01  0.846961E-01  0.517066E+01
  18     7  0.147670E+00  0.613631E-01  0.863072E-01  0.542586E+01
  18     8  0.148533E+00  0.617261E-01  0.868072E-01  0.551020E+01
  18     9  0.148942E+00  0.618612E-01  0.870812E-01  0.553925E+01
  18    10  0.148931E+00  0.618576E-01  0.870733E-01  0.555130E+01
  19     1  0.193316E-01  0.927870E-02  0.100529E-01  0.313747E+00
  19     2  0.347170E-01  0.161063E-01  0.186107E-01  0.554755E+00
  19     3  0.765739E-01  0.338586E-01  0.427153E-01  0.140135E+01
  19     4  0.118985E+00  0.508694E-01  0.681160E-01  0.286871E+01
  19     5  0.142484E+00  0.598766E-01  0.826073E-01  0.436469E+01
  19     6  0.151399E+00  0.630939E-01  0.883048E-01  0.515598E+01
  19     7  0.154189E+00  0.640580E-01  0.901306E-01  0.542080E+01
  19     8  0.154989E+00  0.643589E-01  0.906300E-01  0.550770E+01
  19     9  0.155415E+00  0.645411E-01  0.908736E-01  0.554290E+01
  19    10  0.155419E+00  0.645125E-01  0.909064E-01  0.555511E+01
  20     1  0.194025E-01  0.929625E-02  0.101062E-01  0.304114E+00
  20     2  0.352226E-01  0.163034E-01  0.189192E-01  0.539236E+00
  20     3  0.786557E-01  0.347055E-01  0.439502E-01  0.136984E+01
  20     4  0.123087E+00  0.525837E-01  0.705035E-01  0.281794E+01
  20     5  0.148089E+00  0.621458E-01  0.859435E-01  0.432462E+01
  20     6  0.157541E+00  0.655936E-01  0.919470E-01  0.513890E+01
  20     7  0.160553E+00  0.667218E-01  0.938310E-01  0.541643E+01
  20     8  0.161463E+00  0.670641E-01  0.943988E-01  0.550769E+01
  20     9  0.161783E+00  0.672076E-01  0.945756E-01  0.553975E+01
  20    10  0.162027E+00  0.672602E-01  0.947672E-01  0.555411E+01
  21     1  0.193794E-01  0.925012E-02  0.101293E-01  0.294729E+00
  21     2  0.356253E-01  0.164325E-01  0.191928E-01  0.524991E+00
  21     3  0.806063E-01  0.355210E-01  0.450853E-01  0.133933E+01
  21     4  0.127167E+00  0.542688E-01  0.728980E-01  0.277002E+01
  21     5  0.153530E+00  0.643700E-01  0.891597E-01  0.428349E+01
  21     6  0.163893E+00  0.682359E-01  0.956571E-01  0.512481E+01
  21     7  0.166958E+00  0.694314E-01  0.975271E-01  0.541079E+01
  21     8  0.167906E+00  0.697388E-01  0.981668E-01  0.550475E+01
  21     9  0.168300E+00  0.698743E-01  0.984261E-01  0.553922E+01
  21    10  0.168476E+00  0.699407E-01  0.985353E-01  0.555381E+01
  22     1  0.193502E-01  0.921670E-02  0.101334E-01  0.285699E+00
  22     2  0.359872E-01  0.165768E-01  0.194104E-01  0.509832E+00
  22     3  0.825467E-01  0.363090E-01  0.462376E-01  0.130973E+01
  22     4  0.131071E+00  0.559523E-01  0.751188E-01  0.272235E+01
  22     5  0.158997E+00  0.666882E-01  0.923085E-01  0.424411E+01
  22     6  0.169894E+00  0.707448E-01  0.991496E-01  0.510724E+01
  22     7  0.173334E+00  0.720064E-01  0.101328E+00  0.540336E+01
  22     8  0.174349E+00  0.723880E-01  0.101961E+00  0.550194E+01
  22     9  0.174697E+00  0.725440E-01  0.102153E+00  0.554412E+01
  22    10  0.174889E+00  0.726245E-01  0.102264E+00  0.555223E+01
  23     1  0.192410E-01  0.915515E-02  0.100858E-01  0.276395E+00
  23     2  0.362464E-01  0.166620E-01  0.195844E-01  0.495380E+00
  23     3  0.843712E-01  0.370362E-01  0.473350E-01  0.127883E+01
  23     4  0.135070E+00  0.575715E-01  0.774986E-01  0.267588E+01
  23     5  0.164443E+00  0.690331E-01  0.954095E-01  0.420460E+01
  23     6  0.176036E+00  0.732646E-01  0.102772E+00  0.509214E+01
  23     7  0.179504E+00  0.746363E-01  0.104867E+00  0.540010E+01
  23     8  0.180830E+00  0.750916E-01  0.105739E+00  0.550117E+01
  23     9  0.181231E+00  0.752752E-01  0.105956E+00  0.553714E+01
  23    10  0.181379E+00  0.753767E-01  0.106003E+00  0.555319E+01
  24     1  0.191022E-01  0.904697E-02  0.100553E-01  0.267061E+00
  24     2  0.364537E-01  0.167306E-01  0.197232E-01  0.481073E+00
  24     3  0.860566E-01  0.377174E-01  0.483391E-01  0.125162E+01
  24     4  0.138824E+00  0.591528E-01  0.796709E-01  0.263200E+01
  24     5  0.169651E+00  0.712228E-01  0.984285E-01  0.416002E+01
  24     6  0.182086E+00  0.758023E-01  0.106283E+00  0.507750E+01
  24     7  0.186032E+00  0.773434E-01  0.108688E+00  0.539363E+01
  24     8  0.187329E+00  0.777897E-01  0.109539E+00  0.550344E+01
  24     9  0.187749E+00  0.780153E-01  0.109734E+00  0.553778E+01
  24    10  0.187779E+00  0.779634E-01  0.109816E+00  0.555285E+01
  25     1  0.189059E-01  0.894827E-02  0.995764E-02  0.257741E+00
  25     2  0.365749E-01  0.167485E-01  0.198264E-01  0.467189E+00
  25     3  0.877230E-01  0.383369E-01  0.493861E-01  0.122448E+01
  25     4  0.142706E+00  0.607958E-01  0.819105E-01  0.259059E+01
  25     5  0.175046E+00  0.733639E-01  0.101682E+00  0.412397E+01
  25     6  0.188307E+00  0.784122E-01  0.109895E+00  0.506256E+01
  25     7  0.192362E+00  0.799332E-01  0.112429E+00  0.538907E+01
  25     8  0.193660E+00  0.804257E-01  0.113234E+00  0.549801E+01
  25     9  0.194123E+00  0.806540E-01  0.113470E+00  0.553428E+01
  25    10  0.194479E+00  0.808132E-01  0.113665E+00  0.554983E+01
  26     1  0.186958E-01  0.883525E-02  0.986058E-02  0.249151E+00
  26     2  0.366342E-01  0.167366E-01  0.198976E-01  0.453972E+00
  26     3  0.892462E-01  0.389962E-01  0.502501E-01  0.119885E+01
  26     4  0.146428E+00  0.622708E-01  0.841567E-01  0.254833E+01
  26     5  0.180313E+00  0.755662E-01  0.104747E+00  0.408457E+01
  26     6  0.194408E+00  0.809960E-01  0.113412E+00  0.504502E+01
  26     7  0.198741E+00  0.826012E-01  0.116140E+00  0.538400E+01
  26     8  0.200060E+00  0.830576E-01  0.117002E+00  0.549657E+01
  26     9  0.200702E+00  0.833747E-01  0.117328E+00  0.553507E+01
  26    10  0.200795E+00  0.833323E-01  0.117463E+00  0.555055E+01
  27     1  0.184187E-01  0.868090E-02  0.973780E-02  0.239902E+00
  27     2  0.367127E-01  0.167534E-01  0.199593E-01  0.440434E+00
  27     3  0.907433E-01  0.395611E-01  0.511822E-01  0.117271E+01
  27     4  0.149981E+00  0.637631E-01  0.862175E-01  0.250842E+01
  27     5  0.185663E+00  0.778918E-01  0.107771E+00  0.404570E+01
  27     6  0.200421E+00  0.833917E-01  0.117029E+00  0.502766E+01
  27     7  0.204964E+00  0.851483E-01  0.119816E+00  0.537989E+01
  27     8  0.206589E+00  0.857671E-01  0.120822E+00  0.549284E+01
  27     9  0.207168E+00  0.859888E-01  0.121179E+00  0.553186E+01
  27    10  0.207416E+00  0.861423E-01  0.121273E+00  0.555185E+01
  28     1  0.181345E-01  0.853070E-02  0.960384E-02  0.231609E+00
  28     2  0.366523E-01  0.166798E-01  0.199725E-01  0.427949E+00
  28     3  0.921917E-01  0.401771E-01  0.520146E-01  0.114853E+01
  28     4  0.153616E+00  0.653118E-01  0.883045E-01  0.247017E+01
  28     5  0.190765E+00  0.799488E-01  0.110816E+00  0.400799E+01
  28     6  0.206457E+00  0.859342E-01  0.120523E+00  0.500940E+01
  28     7  0.211266E+00  0.877818E-01  0.123484E+00  0.537299E+01
  28     8  0.213015E+00  0.884712E-01  0.124544E+00  0.549151E+01
  28     9  0.213516E+00  0.886155E-01  0.124901E+00  0.553324E+01
  28    10  0.213706E+00  0.887650E-01  0.124941E+00  0.555104E+01
  29     1  0.178039E-01  0.835967E-02  0.944419E-02  0.223130E+00
  29     2  0.365982E-01  0.166310E-01  0.199672E-01  0.414902E+00
  29     3  0.935033E-01  0.406777E-01  0.528256E-01  0.112469E+01
  29     4  0.157150E+00  0.667438E-01  0.904064E-01  0.243154E+01
  29     5  0.196020E+00  0.821181E-01  0.113902E+00  0.397332E+01
  29     6  0.212415E+00  0.884220E-01  0.123993E+00  0.499429E+01
  29     7  0.217877E+00  0.905154E-01  0.127362E+00  0.536896E+01
  29     8  0.219237E+00  0.910880E-01  0.128149E+00  0.549290E+01
  29     9  0.219864E+00  0.913834E-01  0.128480E+00  0.553244E+01
  29    10  0.220096E+00  0.914369E-01  0.128659E+00  0.555119E+01
  30     1  0.174863E-01  0.819801E-02  0.928833E-02  0.214927E+00
  30     2  0.364897E-01  0.165521E-01  0.199376E-01  0.403058E+00
  30     3  0.947908E-01  0.411615E-01  0.536293E-01  0.110152E+01
  30     4  0.160638E+00  0.681483E-01  0.924895E-01  0.239402E+01
  30     5  0.201231E+00  0.842721E-01  0.116959E+00  0.393550E+01
  30     6  0.218547E+00  0.909500E-01  0.127597E+00  0.497782E+01
  30     7  0.224223E+00  0.931124E-01  0.131111E+00  0.536344E+01
  30     8  0.225992E+00  0.938743E-01  0.132117E+00  0.548938E+01
  30     9  0.226460E+00  0.940787E-01  0.132382E+00  0.553117E+01
  30    10  0.226641E+00  0.941484E-01  0.132493E+00  0.554771E+01
  31     1  0.171208E-01  0.802208E-02  0.909872E-02  0.206677E+00
  31     2  0.363473E-01  0.164719E-01  0.198754E-01  0.391122E+00
  31     3  0.960262E-01  0.416453E-01  0.543809E-01  0.107887E+01
  31     4  0.164110E+00  0.696114E-01  0.944983E-01  0.236073E+01
  31     5  0.206350E+00  0.864431E-01  0.119906E+00  0.389770E+01
  31     6  0.224447E+00  0.934316E-01  0.131015E+00  0.495840E+01
  31     7  0.230414E+00  0.956853E-01  0.134729E+00  0.535779E+01
  31     8  0.232360E+00  0.964902E-01  0.135869E+00  0.548729E+01
  31     9  0.233093E+00  0.967656E-01  0.136328E+00  0.553623E+01
  31    10  0.233249E+00  0.968310E-01  0.136418E+00  0.555165E+01
  32     1  0.167471E-01  0.783325E-02  0.891380E-02  0.198548E+00
  32     2  0.360881E-01  0.163278E-01  0.197603E-01  0.379356E+00
  32     3  0.970810E-01  0.420611E-01  0.550199E-01  0.105768E+01
  32     4  0.167569E+00  0.710058E-01  0.965634E-01  0.232736E+01
  32     5  0.211417E+00  0.884490E-01  0.122968E+00  0.386258E+01
  32     6  0.230572E+00  0.958888E-01  0.134683E+00  0.494413E+01
  32     7  0.236905E+00  0.983640E-01  0.138541E+00  0.535433E+01
  32     8  0.238711E+00  0.991254E-01  0.139586E+00  0.548590E+01
  32     9  0.239380E+00  0.994230E-01  0.139957E+00  0.553357E+01
  32    10  0.239639E+00  0.995216E-01  0.140118E+00  0.554926E+01
  33     1  0.163622E-01  0.764105E-02  0.872113E-02  0.191049E+00
  33     2  0.358928E-01  0.162278E-01  0.196650E-01  0.367624E+00
  33     3  0.981622E-01  0.424916E-01  0.556705E-01  0.103620E+01
  33     4  0.170852E+00  0.723703E-01  0.984813E-01  0.229275E+01
  33     5  0.216202E+00  0.904501E-01  0.125752E+00  0.382870E+01
  33     6  0.236581E+00  0.984741E-01  0.138107E+00  0.492623E+01
  33     7  0.243186E+00  0.100950E+00  0.142236E+00  0.534839E+01
  33     8  0.244994E+00  0.101720E+00  0.143275E+00  0.548127E+01
  33     9  0.245786E+00  0.102126E+00  0.143660E+00  0.552998E+01
  33    10  0.246076E+00  0.102190E+00  0.143886E+00  0.554701E+01
  34     1  0.159561E-01  0.744711E-02  0.850895E-02  0.183474E+00
  34     2  0.355815E-01  0.160558E-01  0.195256E-01  0.357049E+00
  34     3  0.991752E-01  0.428589E-01  0.563163E-01  0.101577E+01
  34     4  0.174015E+00  0.736492E-01  0.100366E+00  0.226055E+01
  34     5  0.221461E+00  0.927130E-01  0.128748E+00  0.379170E+01
  34     6  0.242611E+00  0.100993E+00  0.141617E+00  0.490801E+01
  34     7  0.249441E+00  0.103657E+00  0.145784E+00  0.533986E+01
  34     8  0.251589E+00  0.104464E+00  0.147125E+00  0.548419E+01
  34     9  0.252328E+00  0.104768E+00  0.147559E+00  0.552944E+01
  34    10  0.252534E+00  0.104830E+00  0.147704E+00  0.554906E+01
  35     1  0.155521E-01  0.725112E-02  0.830098E-02  0.176233E+00
  35     2  0.352851E-01  0.159112E-01  0.193740E-01  0.346164E+00
  35     3  0.999853E-01  0.431532E-01  0.568321E-01  0.996900E+00
  35     4  0.177438E+00  0.751210E-01  0.102317E+00  0.222956E+01
  35     5  0.226268E+00  0.946787E-01  0.131589E+00  0.375813E+01
  35     6  0.248464E+00  0.103381E+00  0.145082E+00  0.489322E+01
  35     7  0.255648E+00  0.106188E+00  0.149460E+00  0.533618E+01
  35     8  0.258123E+00  0.107162E+00  0.150961E+00  0.547983E+01
  35     9  0.258846E+00  0.107485E+00  0.151361E+00  0.552943E+01
  35    10  0.259030E+00  0.107468E+00  0.151562E+00  0.554789E+01
  36     1  0.151397E-01  0.704591E-02  0.809375E-02  0.168978E+00
  36     2  0.349122E-01  0.157247E-01  0.191874E-01  0.335260E+00
  36     3  0.100904E+00  0.435830E-01  0.573214E-01  0.976855E+00
  36     4  0.180558E+00  0.763450E-01  0.104213E+00  0.219673E+01
  36     5  0.231174E+00  0.966984E-01  0.134476E+00  0.372508E+01
  36     6  0.254342E+00  0.105872E+00  0.148469E+00  0.487561E+01
  36     7  0.262047E+00  0.108943E+00  0.153104E+00  0.533103E+01
  36     8  0.264118E+00  0.109653E+00  0.154465E+00  0.547827E+01
  36     9  0.265230E+00  0.110110E+00  0.155119E+00  0.552983E+01
  36    10  0.265552E+00  0.110179E+00  0.155372E+00  0.554747E+01
  37     1  0.146856E-01  0.683300E-02  0.785261E-02  0.162335E+00
  37     2  0.345757E-01  0.155544E-01  0.190213E-01  0.325324E+00
  37     3  0.101751E+00  0.438262E-01  0.579250E-01  0.957434E+00
  37     4  0.183639E+00  0.777050E-01  0.105934E+00  0.216837E+01
  37     5  0.236298E+00  0.987706E-01  0.137527E+00  0.369185E+01
  37     6  0.260396E+00  0.108432E+00  0.151964E+00  0.485968E+01
  37     7  0.268421E+00  0.111355E+00  0.157066E+00  0.532508E+01
  37     8  0.270682E+00  0.112381E+00  0.158301E+00  0.547534E+01
  37     9  0.271830E+00  0.112873E+00  0.158957E+00  0.552899E+01
  37    10  0.271988E+00  0.112908E+00  0.159079E+00  0.554827E+01
  38     1  0.142863E-01  0.663827E-02  0.764802E-02  0.155465E+00
  38     2  0.341950E-01  0.153785E-01  0.188165E-01  0.315189E+00
  38     3  0.102494E+00  0.440924E-01  0.584020E-01  0.939013E+00
  38     4  0.186571E+00  0.788273E-01  0.107744E+00  0.213982E+01
  38     5  0.241162E+00  0.100846E+00  0.140316E+00  0.366051E+01
  38     6  0.266348E+00  0.110811E+00  0.155537E+00  0.484088E+01
  38     7  0.274761E+00  0.114159E+00  0.160601E+00  0.531833E+01
  38     8  0.277327E+00  0.115153E+00  0.162174E+00  0.547107E+01
  38     9  0.278148E+00  0.115490E+00  0.162658E+00  0.553059E+01
  38    10  0.278553E+00  0.115607E+00  0.162946E+00  0.554588E+01
  39     1  0.138631E-01  0.643216E-02  0.743094E-02  0.149200E+00
  39     2  0.337776E-01  0.151779E-01  0.185997E-01  0.305571E+00
  39     3  0.103198E+00  0.443626E-01  0.588357E-01  0.921249E+00
  39     4  0.189838E+00  0.801484E-01  0.109690E+00  0.211167E+01
  39     5  0.246151E+00  0.102871E+00  0.143280E+00  0.362699E+01
  39     6  0.272182E+00  0.113150E+00  0.159032E+00  0.482569E+01
  39     7  0.281073E+00  0.116611E+00  0.164461E+00  0.531276E+01
  39     8  0.283586E+00  0.117836E+00  0.165750E+00  0.547287E+01
  39     9  0.284487E+00  0.118118E+00  0.166369E+00  0.552839E+01
  39    10  0.285068E+00  0.118437E+00  0.166631E+00  0.554555E+01
  40     1  0.134364E-01  0.622298E-02  0.721343E-02  0.142973E+00
  40     2  0.333256E-01  0.149646E-01  0.183610E-01  0.295898E+00
  40     3  0.103822E+00  0.446302E-01  0.591919E-01  0.903675E+00
  40     4  0.192610E+00  0.813329E-01  0.111278E+00  0.208315E+01
  40     5  0.251107E+00  0.104894E+00  0.146213E+00  0.359738E+01
  40     6  0.278083E+00  0.115723E+00  0.162359E+00  0.480910E+01
  40     7  0.287516E+00  0.119357E+00  0.168159E+00  0.530841E+01
  40     8  0.290288E+00  0.120533E+00  0.169755E+00  0.546796E+01
  40     9  0.291447E+00  0.121053E+00  0.170394E+00  0.552681E+01
  40    10  0.291448E+00  0.121010E+00  0.170438E+00  0.554616E+01
  41     1  0.130228E-01  0.603804E-02  0.698477E-02  0.137024E+00
  41     2  0.328886E-01  0.147726E-01  0.181160E-01  0.286993E+00
  41     3  0.104385E+00  0.448301E-01  0.595551E-01  0.886650E+00
  41     4  0.195557E+00  0.826018E-01  0.112955E+00  0.205646E+01
  41     5  0.255759E+00  0.106812E+00  0.148947E+00  0.356639E+01
  41     6  0.283939E+00  0.118225E+00  0.165715E+00  0.479234E+01
  41     7  0.293514E+00  0.121869E+00  0.171645E+00  0.530217E+01
  41     8  0.296465E+00  0.123005E+00  0.173460E+00  0.546969E+01
  41     9  0.297715E+00  0.123666E+00  0.174049E+00  0.552387E+01
  41    10  0.297760E+00  0.123657E+00  0.174104E+00  0.554930E+01
  42     1  0.125809E-01  0.582424E-02  0.675661E-02  0.131174E+00
  42     2  0.324823E-01  0.145609E-01  0.179214E-01  0.277923E+00
  42     3  0.104981E+00  0.450075E-01  0.599730E-01  0.869743E+00
  42     4  0.198398E+00  0.837144E-01  0.114684E+00  0.203003E+01
  42     5  0.260368E+00  0.108847E+00  0.151522E+00  0.353722E+01
  42     6  0.290010E+00  0.120587E+00  0.169423E+00  0.477354E+01
  42     7  0.299808E+00  0.124498E+00  0.175310E+00  0.529882E+01
  42     8  0.302883E+00  0.125736E+00  0.177148E+00  0.546419E+01
  42     9  0.303995E+00  0.126208E+00  0.177787E+00  0.552586E+01
  42    10  0.304274E+00  0.126348E+00  0.177925E+00  0.554868E+01
  43     1  0.121575E-01  0.563726E-02  0.652025E-02  0.125497E+00
  43     2  0.319612E-01  0.143390E-01  0.176223E-01  0.269287E+00
  43     3  0.105412E+00  0.451601E-01  0.602520E-01  0.853370E+00
  43     4  0.201204E+00  0.848047E-01  0.116399E+00  0.200493E+01
  43     5  0.265221E+00  0.110767E+00  0.154454E+00  0.350640E+01
  43     6  0.295602E+00  0.122921E+00  0.172681E+00  0.475649E+01
  43     7  0.306086E+00  0.127086E+00  0.178999E+00  0.528996E+01
  43     8  0.309465E+00  0.128499E+00  0.180966E+00  0.546759E+01
  43     9  0.310483E+00  0.128980E+00  0.181503E+00  0.552411E+01
  43    10  0.310876E+00  0.129136E+00  0.181740E+00  0.554617E+01
  44     1  0.117455E-01  0.543088E-02  0.631464E-02  0.120034E+00
  44     2  0.314329E-01  0.140804E-01  0.173525E-01  0.260763E+00
  44     3  0.105832E+00  0.453328E-01  0.604995E-01  0.837816E+00
  44     4  0.204293E+00  0.860474E-01  0.118245E+00  0.198090E+01
  44     5  0.269854E+00  0.112762E+00  0.157091E+00  0.347692E+01
  44     6  0.301615E+00  0.125482E+00  0.176133E+00  0.473903E+01
  44     7  0.312433E+00  0.129759E+00  0.182675E+00  0.528652E+01
  44     8  0.315871E+00  0.131164E+00  0.184708E+00  0.546502E+01
  44     9  0.316820E+00  0.131635E+00  0.185184E+00  0.552288E+01
  44    10  0.317438E+00  0.131667E+00  0.185771E+00  0.554374E+01
  45     1  0.113272E-01  0.523541E-02  0.609176E-02  0.114777E+00
  45     2  0.309502E-01  0.138546E-01  0.170956E-01  0.252421E+00
  45     3  0.106233E+00  0.454614E-01  0.607721E-01  0.822298E+00
  45     4  0.206828E+00  0.870914E-01  0.119737E+00  0.195654E+01
  45     5  0.274528E+00  0.114670E+00  0.159858E+00  0.344943E+01
  45     6  0.307285E+00  0.127835E+00  0.179450E+00  0.471785E+01
  45     7  0.318656E+00  0.132236E+00  0.186419E+00  0.528012E+01
  45     8  0.322388E+00  0.133897E+00  0.188491E+00  0.546261E+01
  45     9  0.323193E+00  0.134217E+00  0.188976E+00  0.552501E+01
  45    10  0.323574E+00  0.134322E+00  0.189252E+00  0.554549E+01
  46     1  0.109529E-01  0.506195E-02  0.589097E-02  0.109624E+00
  46     2  0.304617E-01  0.136418E-01  0.168199E-01  0.244604E+00
  46     3  0.106590E+00  0.455692E-01  0.610212E-01  0.807212E+00
  46     4  0.209461E+00  0.881832E-01  0.121278E+00  0.193250E+01
  46     5  0.279117E+00  0.116533E+00  0.162583E+00  0.341961E+01
  46     6  0.313215E+00  0.130169E+00  0.183046E+00  0.470616E+01
  46     7  0.325046E+00  0.134858E+00  0.190188E+00  0.527463E+01
  46     8  0.328630E+00  0.136350E+00  0.192280E+00  0.545591E+01
  46     9  0.329876E+00  0.136950E+00  0.192926E+00  0.551767E+01
  46    10  0.330257E+00  0.137119E+00  0.193138E+00  0.554637E+01
  47     1  0.105320E-01  0.486460E-02  0.566738E-02  0.104967E+00
  47     2  0.299284E-01  0.133857E-01  0.165427E-01  0.236811E+00
  47     3  0.106851E+00  0.456884E-01  0.611629E-01  0.792289E+00
  47     4  0.212112E+00  0.891770E-01  0.122935E+00  0.190884E+01
  47     5  0.283778E+00  0.118624E+00  0.165154E+00  0.339180E+01
  47     6  0.318868E+00  0.132647E+00  0.186221E+00  0.468691E+01
  47     7  0.331377E+00  0.137535E+00  0.193843E+00  0.526816E+01
  47     8  0.334978E+00  0.139054E+00  0.195924E+00  0.545540E+01
  47     9  0.336370E+00  0.139554E+00  0.196816E+00  0.552039E+01
  47    10  0.336678E+00  0.139873E+00  0.196806E+00  0.554846E+01
  48     1  0.101476E-01  0.468115E-02  0.546646E-02  0.100350E+00
  48     2  0.293583E-01  0.131282E-01  0.162301E-01  0.229270E+00
  48     3  0.107035E+00  0.457144E-01  0.613207E-01  0.777854E+00
  48     4  0.214745E+00  0.902915E-01  0.124453E+00  0.188480E+01
  48     5  0.288419E+00  0.120440E+00  0.167979E+00  0.336535E+01
  48     6  0.324768E+00  0.135042E+00  0.189727E+00  0.467063E+01
  48     7  0.337325E+00  0.140021E+00  0.197304E+00  0.526283E+01
  48     8  0.341386E+00  0.141650E+00  0.199736E+00  0.545386E+01
  48     9  0.342825E+00  0.142268E+00  0.200558E+00  0.552172E+01
  48    10  0.343331E+00  0.142483E+00  0.200848E+00  0.554507E+01
  49     1  0.976681E-02  0.450774E-02  0.525907E-02  0.957888E-01
  49     2  0.288655E-01  0.129231E-01  0.159424E-01  0.222095E+00
  49     3  0.107216E+00  0.457654E-01  0.614504E-01  0.763212E+00
  49     4  0.217164E+00  0.912107E-01  0.125953E+00  0.186414E+01
  49     5  0.292885E+00  0.122331E+00  0.170554E+00  0.333616E+01
  49     6  0.330473E+00  0.137381E+00  0.193093E+00  0.465383E+01
  49     7  0.343904E+00  0.142747E+00  0.201157E+00  0.525759E+01
  49     8  0.347626E+00  0.144368E+00  0.203258E+00  0.545400E+01
  49     9  0.349366E+00  0.145183E+00  0.204183E+00  0.552173E+01
  49    10  0.349783E+00  0.145229E+00  0.204554E+00  0.554633E+01
  50     1  0.938523E-02  0.432169E-02  0.506354E-02  0.913977E-01
  50     2  0.283069E-01  0.126560E-01  0.156508E-01  0.214647E+00
  50     3  0.107456E+00  0.458687E-01  0.615870E-01  0.749318E+00
  50     4  0.219472E+00  0.921629E-01  0.127309E+00  0.184157E+01
  50     5  0.297239E+00  0.124108E+00  0.173131E+00  0.331171E+01
  50     6  0.336271E+00  0.139777E+00  0.196495E+00  0.463650E+01
  50     7  0.349728E+00  0.145212E+00  0.204516E+00  0.525180E+01
  50     8  0.354464E+00  0.147240E+00  0.207225E+00  0.545253E+01
  50     9  0.355507E+00  0.147767E+00  0.207740E+00  0.551968E+01
  50    10  0.356026E+00  0.147885E+00  0.208140E+00  0.554062E+01
