   1     1  0.509069E+01  0.410873E-01  0.233851E-01  0.159148E-03  0.175431E-01  0.181863E+01  0.147347E-01  0.853300E-02  0.395857E-02  0.832059E-03  0.564965E-04  0.110187E-02  0.252743E-03
   1     2  0.774886E+01  0.643910E-01  0.368038E-01  0.254732E-03  0.273324E-01  0.327605E+01  0.271610E-01  0.157412E-01  0.740512E-02  0.166546E-02  0.596982E-04  0.198930E-02  0.300269E-03
   1     3  0.895158E+01  0.782818E-01  0.449956E-01  0.233740E-03  0.330525E-01  0.387418E+01  0.342301E-01  0.198883E-01  0.940145E-02  0.221615E-02  0.354459E-04  0.245150E-02  0.237178E-03
   1     4  0.111059E+02  0.843992E-01  0.488626E-01  0.155586E-03  0.353810E-01  0.489827E+01  0.373775E-01  0.217837E-01  0.103113E-01  0.249652E-02  0.144364E-04  0.263005E-02  0.141540E-03
   1     5  0.119693E+02  0.862172E-01  0.501010E-01  0.821684E-04  0.360341E-01  0.533595E+01  0.383944E-01  0.224377E-01  0.106049E-01  0.260509E-02  0.405588E-05  0.267483E-02  0.677890E-04
   1     6  0.122451E+02  0.867543E-01  0.505262E-01  0.371392E-04  0.361909E-01  0.547631E+01  0.386777E-01  0.226165E-01  0.107033E-01  0.264452E-02  0.883224E-06  0.268413E-02  0.284333E-04
   1     7  0.123362E+02  0.870551E-01  0.507542E-01  0.153005E-04  0.362856E-01  0.552573E+01  0.387842E-01  0.226850E-01  0.107350E-01  0.266505E-02  0.167350E-06  0.268787E-02  0.111403E-04
   1     8  0.123770E+02  0.869542E-01  0.506682E-01  0.597823E-05  0.362801E-01  0.553709E+01  0.388098E-01  0.226875E-01  0.107658E-01  0.265966E-02  0.292240E-07  0.269256E-02  0.423030E-05
   1     9  0.123940E+02  0.872564E-01  0.509117E-01  0.226989E-05  0.363424E-01  0.554652E+01  0.388548E-01  0.227497E-01  0.107607E-01  0.265341E-02  0.485115E-08  0.268939E-02  0.157588E-05
   1    10  0.123877E+02  0.871132E-01  0.507904E-01  0.849617E-06  0.363220E-01  0.554679E+01  0.388291E-01  0.227171E-01  0.107671E-01  0.265270E-02  0.777536E-09  0.269157E-02  0.583482E-06
   2     1  0.440572E+01  0.422102E-01  0.239884E-01  0.160703E-03  0.180611E-01  0.152714E+01  0.147276E-01  0.851628E-02  0.395797E-02  0.819466E-03  0.605501E-04  0.110615E-02  0.267202E-03
   2     2  0.767843E+01  0.717496E-01  0.409792E-01  0.289470E-03  0.304810E-01  0.319547E+01  0.298488E-01  0.173024E-01  0.811731E-02  0.181119E-02  0.723967E-04  0.219290E-02  0.352636E-03
   2     3  0.856474E+01  0.895035E-01  0.514029E-01  0.283067E-03  0.378175E-01  0.369887E+01  0.389994E-01  0.226444E-01  0.107064E-01  0.251054E-02  0.459792E-04  0.279948E-02  0.292624E-03
   2     4  0.108704E+02  0.977125E-01  0.565004E-01  0.196617E-03  0.410155E-01  0.477972E+01  0.432436E-01  0.251996E-01  0.119148E-01  0.287781E-02  0.198454E-04  0.304965E-02  0.181915E-03
   2     5  0.118862E+02  0.100326E+00  0.582554E-01  0.107087E-03  0.419636E-01  0.529576E+01  0.447419E-01  0.261330E-01  0.123630E-01  0.303360E-02  0.587270E-05  0.311678E-02  0.895970E-04
   2     6  0.122158E+02  0.101160E+00  0.588853E-01  0.493258E-04  0.422256E-01  0.546599E+01  0.451011E-01  0.263680E-01  0.124820E-01  0.308153E-02  0.131858E-05  0.313011E-02  0.381419E-04
   2     7  0.123322E+02  0.101490E+00  0.591469E-01  0.205653E-04  0.423221E-01  0.552405E+01  0.452540E-01  0.264707E-01  0.125286E-01  0.310327E-02  0.253901E-06  0.313616E-02  0.150670E-04
   2     8  0.123725E+02  0.101471E+00  0.590926E-01  0.809068E-05  0.423705E-01  0.554632E+01  0.452963E-01  0.264954E-01  0.125474E-01  0.310415E-02  0.447505E-07  0.314366E-02  0.572937E-05
   2     9  0.124024E+02  0.101581E+00  0.591990E-01  0.307935E-05  0.423786E-01  0.554756E+01  0.453076E-01  0.265075E-01  0.125447E-01  0.311239E-02  0.748442E-08  0.314085E-02  0.213933E-05
   2    10  0.123758E+02  0.101022E+00  0.586653E-01  0.115163E-05  0.423552E-01  0.555015E+01  0.453124E-01  0.265176E-01  0.125470E-01  0.310480E-02  0.120456E-08  0.314226E-02  0.793573E-06
   3     1  0.380658E+01  0.422237E-01  0.239651E-01  0.159415E-03  0.180992E-01  0.129235E+01  0.144596E-01  0.835262E-02  0.388255E-02  0.798134E-03  0.629984E-04  0.109011E-02  0.273205E-03
   3     2  0.748902E+01  0.784501E-01  0.447841E-01  0.318877E-03  0.333471E-01  0.307804E+01  0.321240E-01  0.186056E-01  0.873208E-02  0.193107E-02  0.844673E-04  0.236832E-02  0.402468E-03
   3     3  0.826737E+01  0.100261E+00  0.575382E-01  0.332089E-03  0.423904E-01  0.356383E+01  0.435762E-01  0.253162E-01  0.119353E-01  0.278604E-02  0.572003E-04  0.313225E-02  0.349208E-03
   3     4  0.106280E+02  0.110894E+00  0.640963E-01  0.239660E-03  0.465579E-01  0.466659E+01  0.490571E-01  0.285856E-01  0.135040E-01  0.325278E-02  0.259379E-04  0.346391E-02  0.224837E-03
   3     5  0.118176E+02  0.114520E+00  0.665035E-01  0.134184E-03  0.478820E-01  0.525557E+01  0.509211E-01  0.297340E-01  0.140627E-01  0.344605E-02  0.804859E-05  0.355674E-02  0.113613E-03
   3     6  0.121913E+02  0.115517E+00  0.672330E-01  0.629452E-04  0.482211E-01  0.544826E+01  0.515547E-01  0.301559E-01  0.142539E-01  0.351771E-02  0.185991E-05  0.357619E-02  0.491393E-04
   3     7  0.123169E+02  0.115892E+00  0.675877E-01  0.265021E-04  0.482781E-01  0.551180E+01  0.517131E-01  0.302549E-01  0.143119E-01  0.354237E-02  0.363794E-06  0.358397E-02  0.195460E-04
   3     8  0.123679E+02  0.116006E+00  0.675993E-01  0.104917E-04  0.483959E-01  0.553994E+01  0.517927E-01  0.303005E-01  0.143473E-01  0.354589E-02  0.647612E-07  0.359152E-02  0.746585E-05
   3     9  0.124067E+02  0.116172E+00  0.677659E-01  0.400820E-05  0.484017E-01  0.555162E+01  0.518591E-01  0.303508E-01  0.143629E-01  0.355444E-02  0.108889E-07  0.358821E-02  0.279227E-05
   3    10  0.124105E+02  0.116148E+00  0.677275E-01  0.150344E-05  0.484189E-01  0.555163E+01  0.518356E-01  0.303344E-01  0.143511E-01  0.356150E-02  0.175906E-08  0.358748E-02  0.103517E-05
   4     1  0.327818E+01  0.414131E-01  0.233935E-01  0.155471E-03  0.178641E-01  0.110118E+01  0.140093E-01  0.807636E-02  0.376571E-02  0.766523E-03  0.641174E-04  0.106420E-02  0.272358E-03
   4     2  0.724460E+01  0.845580E-01  0.482548E-01  0.344291E-03  0.359589E-01  0.292733E+01  0.340591E-01  0.197285E-01  0.924262E-02  0.202477E-02  0.958356E-04  0.251852E-02  0.448895E-03
   4     3  0.805473E+01  0.110604E+00  0.634327E-01  0.380339E-03  0.467910E-01  0.346224E+01  0.478765E-01  0.277971E-01  0.131033E-01  0.304626E-02  0.689614E-04  0.345488E-02  0.406023E-03
   4     4  0.103922E+02  0.123958E+00  0.714868E-01  0.284245E-03  0.521865E-01  0.454957E+01  0.547441E-01  0.318880E-01  0.150646E-01  0.361775E-02  0.326568E-04  0.387095E-02  0.270055E-03
   4     5  0.117363E+02  0.128529E+00  0.745961E-01  0.163316E-03  0.537696E-01  0.521297E+01  0.572102E-01  0.334198E-01  0.157856E-01  0.386037E-02  0.105851E-04  0.399376E-02  0.139989E-03
   4     6  0.121610E+02  0.129886E+00  0.756042E-01  0.779760E-04  0.542036E-01  0.543194E+01  0.579167E-01  0.338687E-01  0.160145E-01  0.395207E-02  0.251408E-05  0.401754E-02  0.613294E-04
   4     7  0.123175E+02  0.130239E+00  0.758412E-01  0.331965E-04  0.543646E-01  0.550636E+01  0.581123E-01  0.339844E-01  0.160853E-01  0.398625E-02  0.499398E-06  0.403122E-02  0.245790E-04
   4     8  0.123842E+02  0.130538E+00  0.761045E-01  0.132061E-04  0.544198E-01  0.552978E+01  0.582006E-01  0.340528E-01  0.161184E-01  0.398918E-02  0.896446E-07  0.403068E-02  0.940946E-05
   4     9  0.123852E+02  0.130557E+00  0.760686E-01  0.505599E-05  0.544829E-01  0.554481E+01  0.582553E-01  0.340748E-01  0.161400E-01  0.400373E-02  0.151379E-07  0.403329E-02  0.352454E-05
   4    10  0.124098E+02  0.130907E+00  0.763823E-01  0.190059E-05  0.545226E-01  0.555224E+01  0.582500E-01  0.340904E-01  0.161500E-01  0.397454E-02  0.245851E-08  0.403375E-02  0.130813E-05
   5     1  0.281563E+01  0.398860E-01  0.224629E-01  0.150233E-03  0.172729E-01  0.941658E+00  0.134228E-01  0.771534E-02  0.362182E-02  0.729670E-03  0.640167E-04  0.102594E-02  0.266034E-03
   5     2  0.695030E+01  0.900189E-01  0.513846E-01  0.365747E-03  0.382686E-01  0.276270E+01  0.355905E-01  0.206247E-01  0.962668E-02  0.210039E-02  0.106430E-03  0.263910E-02  0.493223E-03
   5     3  0.790533E+01  0.120514E+00  0.690679E-01  0.427690E-03  0.510180E-01  0.339686E+01  0.520776E-01  0.302107E-01  0.142656E-01  0.328898E-02  0.811685E-04  0.376770E-02  0.463507E-03
   5     4  0.101579E+02  0.136686E+00  0.788276E-01  0.330318E-03  0.575284E-01  0.444159E+01  0.603523E-01  0.351526E-01  0.165994E-01  0.397288E-02  0.399418E-04  0.427031E-02  0.317128E-03
   5     5  0.116533E+02  0.142580E+00  0.827328E-01  0.194445E-03  0.596527E-01  0.517117E+01  0.634442E-01  0.370322E-01  0.175236E-01  0.427184E-02  0.134710E-04  0.443478E-02  0.168250E-03
   5     6  0.121360E+02  0.144283E+00  0.839222E-01  0.942977E-04  0.602666E-01  0.542046E+01  0.643142E-01  0.376196E-01  0.177727E-01  0.437974E-02  0.328263E-05  0.446410E-02  0.747396E-04
   5     7  0.123004E+02  0.144807E+00  0.843256E-01  0.404982E-04  0.604410E-01  0.550534E+01  0.645657E-01  0.377731E-01  0.178605E-01  0.442538E-02  0.661366E-06  0.447597E-02  0.301503E-04
   5     8  0.123616E+02  0.145094E+00  0.845644E-01  0.161917E-04  0.605132E-01  0.553853E+01  0.647101E-01  0.378554E-01  0.179232E-01  0.443592E-02  0.119679E-06  0.448385E-02  0.115915E-04
   5     9  0.124082E+02  0.145138E+00  0.846144E-01  0.622318E-05  0.605177E-01  0.554872E+01  0.647555E-01  0.378934E-01  0.179357E-01  0.444225E-02  0.203627E-07  0.447976E-02  0.434916E-05
   5    10  0.124058E+02  0.145075E+00  0.845733E-01  0.234327E-05  0.604997E-01  0.554866E+01  0.647344E-01  0.378680E-01  0.179474E-01  0.443106E-02  0.331341E-08  0.448632E-02  0.161293E-05
   6     1  0.242144E+01  0.380001E-01  0.213421E-01  0.143700E-03  0.165142E-01  0.808682E+00  0.127344E-01  0.729271E-02  0.345273E-02  0.690873E-03  0.630551E-04  0.979425E-03  0.255557E-03
   6     2  0.664934E+01  0.948913E-01  0.541529E-01  0.383332E-03  0.403551E-01  0.259294E+01  0.368907E-01  0.213758E-01  0.996955E-02  0.215688E-02  0.116073E-03  0.273937E-02  0.532982E-03
   6     3  0.781587E+01  0.130013E+00  0.744594E-01  0.474167E-03  0.550793E-01  0.335043E+01  0.559361E-01  0.324327E-01  0.153095E-01  0.352020E-02  0.936927E-04  0.405884E-02  0.521149E-03
   6     4  0.994129E+01  0.149231E+00  0.860859E-01  0.376868E-03  0.627686E-01  0.433843E+01  0.657411E-01  0.382529E-01  0.180882E-01  0.431882E-02  0.477541E-04  0.466734E-02  0.366126E-03
   6     5  0.115725E+02  0.156458E+00  0.906709E-01  0.227159E-03  0.655595E-01  0.513129E+01  0.695596E-01  0.406120E-01  0.191913E-01  0.467854E-02  0.167038E-04  0.486259E-02  0.198511E-03
   6     6  0.121113E+02  0.158509E+00  0.922076E-01  0.111827E-03  0.661892E-01  0.540803E+01  0.706527E-01  0.412995E-01  0.195408E-01  0.481111E-02  0.417240E-05  0.490781E-02  0.892668E-04
   6     7  0.122927E+02  0.159406E+00  0.928780E-01  0.484364E-04  0.664794E-01  0.549734E+01  0.710748E-01  0.415791E-01  0.196743E-01  0.486090E-02  0.852428E-06  0.492341E-02  0.362520E-04
   6     8  0.123655E+02  0.159389E+00  0.928264E-01  0.194937E-04  0.665431E-01  0.553010E+01  0.711390E-01  0.416216E-01  0.196932E-01  0.487878E-02  0.155524E-06  0.493132E-02  0.139850E-04
   6     9  0.123887E+02  0.159615E+00  0.930849E-01  0.751605E-05  0.665229E-01  0.554661E+01  0.711878E-01  0.416534E-01  0.197125E-01  0.488528E-02  0.265601E-07  0.493126E-02  0.525042E-05
   6    10  0.124117E+02  0.159730E+00  0.931497E-01  0.282990E-05  0.665780E-01  0.555119E+01  0.711890E-01  0.416601E-01  0.197202E-01  0.487146E-02  0.434711E-08  0.493530E-02  0.194920E-05
   7     1  0.207957E+01  0.357790E-01  0.200036E-01  0.136372E-03  0.156391E-01  0.696666E+00  0.120071E-01  0.685849E-02  0.326596E-02  0.650179E-03  0.613086E-04  0.928451E-03  0.242713E-03
   7     2  0.634165E+01  0.992218E-01  0.566052E-01  0.398094E-03  0.422185E-01  0.242881E+01  0.379157E-01  0.219837E-01  0.102253E-01  0.219967E-02  0.124851E-03  0.281214E-02  0.570040E-03
   7     3  0.777885E+01  0.139208E+00  0.797058E-01  0.518804E-03  0.589835E-01  0.332951E+01  0.597329E-01  0.346492E-01  0.163283E-01  0.373481E-02  0.106472E-03  0.433664E-02  0.577530E-03
   7     4  0.973509E+01  0.161580E+00  0.930648E-01  0.424756E-03  0.680900E-01  0.423710E+01  0.710472E-01  0.413434E-01  0.195266E-01  0.465592E-02  0.560440E-04  0.504891E-02  0.416300E-03
   7     5  0.114895E+02  0.170301E+00  0.986904E-01  0.261299E-03  0.713495E-01  0.508818E+01  0.756743E-01  0.441816E-01  0.208590E-01  0.508509E-02  0.202701E-04  0.529794E-02  0.230399E-03
   7     6  0.120801E+02  0.172871E+00  0.100478E+00  0.130476E-03  0.722622E-01  0.539682E+01  0.770392E-01  0.450309E-01  0.212947E-01  0.524463E-02  0.518924E-05  0.535883E-02  0.104887E-03
   7     7  0.122762E+02  0.173456E+00  0.101006E+00  0.570280E-04  0.723920E-01  0.549729E+01  0.774267E-01  0.452896E-01  0.214220E-01  0.529773E-02  0.107347E-05  0.537342E-02  0.428682E-04
   7     8  0.123560E+02  0.174076E+00  0.101376E+00  0.230422E-04  0.726772E-01  0.552809E+01  0.776185E-01  0.453993E-01  0.215016E-01  0.532732E-02  0.197372E-06  0.537351E-02  0.165928E-04
   7     9  0.124010E+02  0.173953E+00  0.101264E+00  0.891332E-05  0.726801E-01  0.554688E+01  0.777192E-01  0.454806E-01  0.215219E-01  0.532762E-02  0.338520E-07  0.538272E-02  0.624790E-05
   7    10  0.124169E+02  0.174347E+00  0.101753E+00  0.335966E-05  0.725901E-01  0.554321E+01  0.776864E-01  0.454736E-01  0.215051E-01  0.533087E-02  0.555548E-08  0.537450E-02  0.232080E-05
   8     1  0.179098E+01  0.333686E-01  0.185896E-01  0.128632E-03  0.146504E-01  0.603575E+00  0.112399E-01  0.639899E-02  0.307118E-02  0.607662E-03  0.590363E-04  0.875502E-03  0.227532E-03
   8     2  0.604260E+01  0.102976E+00  0.587064E-01  0.409725E-03  0.438600E-01  0.226840E+01  0.387280E-01  0.224510E-01  0.104281E-01  0.223075E-02  0.132882E-03  0.288255E-02  0.602797E-03
   8     3  0.776287E+01  0.148083E+00  0.847457E-01  0.561686E-03  0.627758E-01  0.331576E+01  0.632749E-01  0.366827E-01  0.172876E-01  0.394206E-02  0.119387E-03  0.460900E-02  0.634182E-03
   8     4  0.952672E+01  0.173776E+00  0.100065E+00  0.473068E-03  0.732379E-01  0.414437E+01  0.763861E-01  0.444589E-01  0.209689E-01  0.499029E-02  0.647612E-04  0.543541E-02  0.467848E-03
   8     5  0.114033E+02  0.184082E+00  0.106598E+00  0.296930E-03  0.771862E-01  0.504396E+01  0.817747E-01  0.477218E-01  0.225512E-01  0.548390E-02  0.241640E-04  0.572985E-02  0.263749E-03
   8     6  0.120608E+02  0.187388E+00  0.108954E+00  0.150374E-03  0.782838E-01  0.537649E+01  0.833424E-01  0.487000E-01  0.230463E-01  0.566868E-02  0.632642E-05  0.579942E-02  0.121631E-03
   8     7  0.122693E+02  0.188013E+00  0.109446E+00  0.662920E-04  0.785009E-01  0.548651E+01  0.839423E-01  0.490810E-01  0.232507E-01  0.574164E-02  0.132666E-05  0.581767E-02  0.500384E-04
   8     8  0.123605E+02  0.188557E+00  0.109881E+00  0.269062E-04  0.786487E-01  0.552712E+01  0.840776E-01  0.491848E-01  0.232880E-01  0.576487E-02  0.245600E-06  0.582039E-02  0.194188E-04
   8     9  0.123822E+02  0.188827E+00  0.110032E+00  0.104218E-04  0.787844E-01  0.554441E+01  0.841409E-01  0.492208E-01  0.233046E-01  0.578122E-02  0.422928E-07  0.582688E-02  0.733089E-05
   8    10  0.124064E+02  0.188736E+00  0.110060E+00  0.394283E-05  0.786722E-01  0.554841E+01  0.841431E-01  0.491982E-01  0.233366E-01  0.577436E-02  0.695509E-08  0.583122E-02  0.272484E-05
   9     1  0.153808E+01  0.309313E-01  0.171702E-01  0.120508E-03  0.136406E-01  0.521587E+00  0.104742E-01  0.594700E-02  0.287254E-02  0.565643E-03  0.563791E-04  0.820790E-03  0.211839E-03
   9     2  0.574223E+01  0.106218E+00  0.605161E-01  0.418763E-03  0.452831E-01  0.211978E+01  0.393087E-01  0.227737E-01  0.105819E-01  0.224910E-02  0.140028E-03  0.293098E-02  0.633022E-03
   9     3  0.776010E+01  0.156576E+00  0.895560E-01  0.603266E-03  0.664170E-01  0.330573E+01  0.666532E-01  0.386487E-01  0.181902E-01  0.413184E-02  0.132396E-03  0.486034E-02  0.689848E-03
   9     4  0.933694E+01  0.185698E+00  0.106859E+00  0.521646E-03  0.783176E-01  0.405588E+01  0.815202E-01  0.474271E-01  0.223790E-01  0.530844E-02  0.738786E-04  0.581141E-02  0.520387E-03
   9     5  0.113133E+02  0.197919E+00  0.114596E+00  0.333797E-03  0.829885E-01  0.499752E+01  0.878201E-01  0.512270E-01  0.242152E-01  0.588925E-02  0.283828E-04  0.616132E-02  0.298851E-03
   9     6  0.120310E+02  0.201353E+00  0.117065E+00  0.171110E-03  0.841165E-01  0.536567E+01  0.897675E-01  0.524555E-01  0.248154E-01  0.609990E-02  0.759722E-05  0.624969E-02  0.139420E-03
   9     7  0.122712E+02  0.202581E+00  0.117948E+00  0.761184E-04  0.845567E-01  0.548572E+01  0.903545E-01  0.528578E-01  0.249904E-01  0.618106E-02  0.161050E-05  0.626599E-02  0.576934E-04
   9     8  0.123578E+02  0.202806E+00  0.118087E+00  0.310372E-04  0.846880E-01  0.552860E+01  0.905520E-01  0.529830E-01  0.250642E-01  0.621155E-02  0.300552E-06  0.627050E-02  0.224579E-04
   9     9  0.123858E+02  0.203124E+00  0.118436E+00  0.120525E-04  0.846760E-01  0.553973E+01  0.906301E-01  0.530311E-01  0.250916E-01  0.622777E-02  0.519693E-07  0.627109E-02  0.848681E-05
   9    10  0.123941E+02  0.203013E+00  0.118303E+00  0.456648E-05  0.847051E-01  0.554824E+01  0.905779E-01  0.529685E-01  0.251192E-01  0.620505E-02  0.857579E-08  0.628203E-02  0.315789E-05
  10     1  0.132367E+01  0.285235E-01  0.157898E-01  0.112376E-03  0.126213E-01  0.451363E+00  0.969830E-02  0.548761E-02  0.267300E-02  0.523419E-03  0.534583E-04  0.765090E-03  0.195720E-03
  10     2  0.544557E+01  0.108961E+00  0.620969E-01  0.425642E-03  0.464380E-01  0.198419E+01  0.397407E-01  0.230286E-01  0.106825E-01  0.225774E-02  0.146401E-03  0.296664E-02  0.658824E-03
  10     3  0.776781E+01  0.164910E+00  0.942817E-01  0.643184E-03  0.699852E-01  0.329361E+01  0.698729E-01  0.405092E-01  0.190525E-01  0.431316E-02  0.145393E-03  0.510730E-02  0.745344E-03
  10     4  0.916515E+01  0.197639E+00  0.113654E+00  0.570567E-03  0.834143E-01  0.397331E+01  0.865617E-01  0.503380E-01  0.237612E-01  0.562366E-02  0.833873E-04  0.618168E-02  0.573809E-03
  10     5  0.112215E+02  0.211537E+00  0.122425E+00  0.371752E-03  0.887397E-01  0.495671E+01  0.937552E-01  0.546886E-01  0.258320E-01  0.627778E-02  0.328973E-04  0.658861E-02  0.335374E-03
  10     6  0.119955E+02  0.215558E+00  0.125280E+00  0.193204E-03  0.900852E-01  0.535380E+01  0.961622E-01  0.561905E-01  0.265875E-01  0.653054E-02  0.899767E-05  0.668641E-02  0.158236E-03
  10     7  0.122558E+02  0.217017E+00  0.126349E+00  0.864700E-04  0.905814E-01  0.547914E+01  0.968095E-01  0.566168E-01  0.268030E-01  0.661048E-02  0.193142E-05  0.671152E-02  0.658392E-04
  10     8  0.123423E+02  0.217340E+00  0.126642E+00  0.354248E-04  0.906631E-01  0.553226E+01  0.969324E-01  0.567094E-01  0.268360E-01  0.663603E-02  0.362695E-06  0.672493E-02  0.257120E-04
  10     9  0.123898E+02  0.217719E+00  0.126854E+00  0.138118E-04  0.908516E-01  0.554515E+01  0.971241E-01  0.568224E-01  0.268997E-01  0.666244E-02  0.630296E-07  0.672979E-02  0.972613E-05
  10    10  0.123918E+02  0.217949E+00  0.127174E+00  0.523715E-05  0.907698E-01  0.554270E+01  0.971311E-01  0.568380E-01  0.269190E-01  0.664892E-02  0.104112E-07  0.672146E-02  0.362586E-05
  11     1  0.114057E+01  0.261500E-01  0.144192E-01  0.104284E-03  0.116266E-01  0.392193E+00  0.894655E-02  0.504768E-02  0.247513E-02  0.483445E-03  0.502926E-04  0.709829E-03  0.180179E-03
  11     2  0.517850E+01  0.111115E+00  0.632972E-01  0.430842E-03  0.473867E-01  0.185696E+01  0.400024E-01  0.231741E-01  0.107450E-01  0.225851E-02  0.151914E-03  0.299188E-02  0.680968E-03
  11     3  0.776722E+01  0.172763E+00  0.987703E-01  0.681528E-03  0.733114E-01  0.327842E+01  0.729594E-01  0.422949E-01  0.198887E-01  0.447533E-02  0.158349E-03  0.534237E-02  0.799698E-03
  11     4  0.899569E+01  0.209099E+00  0.120274E+00  0.619807E-03  0.882053E-01  0.389469E+01  0.915069E-01  0.531764E-01  0.251359E-01  0.593461E-02  0.932474E-04  0.653907E-02  0.627681E-03
  11     5  0.111421E+02  0.225218E+00  0.130326E+00  0.410747E-03  0.944811E-01  0.491272E+01  0.997809E-01  0.581743E-01  0.275147E-01  0.666684E-02  0.377035E-04  0.701431E-02  0.373087E-03
  11     6  0.119795E+02  0.229827E+00  0.133534E+00  0.216061E-03  0.960766E-01  0.533823E+01  0.102398E+00  0.598310E-01  0.283102E-01  0.694809E-02  0.105215E-04  0.712054E-02  0.178028E-03
  11     7  0.122350E+02  0.231362E+00  0.134675E+00  0.974685E-04  0.965899E-01  0.547579E+01  0.103200E+00  0.603614E-01  0.285444E-01  0.705700E-02  0.228546E-05  0.716024E-02  0.745101E-04
  11     8  0.123429E+02  0.231964E+00  0.135240E+00  0.401273E-04  0.966838E-01  0.552525E+01  0.103415E+00  0.604622E-01  0.286698E-01  0.707806E-02  0.432212E-06  0.717537E-02  0.291771E-04
  11     9  0.123828E+02  0.232338E+00  0.135429E+00  0.156749E-04  0.968935E-01  0.553874E+01  0.103535E+00  0.605932E-01  0.286678E-01  0.710299E-02  0.754202E-07  0.715993E-02  0.110492E-04
  11    10  0.124082E+02  0.232108E+00  0.135259E+00  0.595460E-05  0.968434E-01  0.554556E+01  0.103587E+00  0.606090E-01  0.287034E-01  0.709112E-02  0.124839E-07  0.717977E-02  0.411878E-05
  12     1  0.983156E+00  0.238732E-01  0.131102E-01  0.962743E-04  0.106668E-01  0.340984E+00  0.822463E-02  0.462698E-02  0.228621E-02  0.444658E-03  0.470083E-04  0.655612E-03  0.164153E-03
  12     2  0.491019E+01  0.112699E+00  0.641772E-01  0.434782E-03  0.480875E-01  0.173944E+01  0.401236E-01  0.232346E-01  0.107749E-01  0.225417E-02  0.156752E-03  0.300388E-02  0.699306E-03
  12     3  0.774844E+01  0.180343E+00  0.103053E+00  0.717959E-03  0.765726E-01  0.325844E+01  0.757825E-01  0.438975E-01  0.206693E-01  0.463504E-02  0.171222E-03  0.555660E-02  0.852837E-03
  12     4  0.884226E+01  0.220502E+00  0.126765E+00  0.669130E-03  0.930686E-01  0.382699E+01  0.963993E-01  0.560249E-01  0.264586E-01  0.623044E-02  0.103420E-03  0.689929E-02  0.682632E-03
  12     5  0.110520E+02  0.238573E+00  0.137943E+00  0.450895E-03  0.100179E+00  0.486930E+01  0.105710E+00  0.616007E-01  0.291634E-01  0.705121E-02  0.427876E-04  0.743976E-02  0.412049E-03
  12     6  0.119475E+02  0.244001E+00  0.141766E+00  0.239959E-03  0.101995E+00  0.532626E+01  0.108743E+00  0.635621E-01  0.300238E-01  0.737119E-02  0.121799E-04  0.757525E-02  0.198695E-03
  12     7  0.122344E+02  0.245781E+00  0.143150E+00  0.109018E-03  0.102522E+00  0.547418E+01  0.109675E+00  0.641449E-01  0.303396E-01  0.748837E-02  0.267497E-05  0.761576E-02  0.836532E-04
  12     8  0.123452E+02  0.246448E+00  0.143663E+00  0.450588E-04  0.102740E+00  0.552580E+01  0.109961E+00  0.643444E-01  0.304333E-01  0.752822E-02  0.508770E-06  0.762133E-02  0.328615E-04
  12     9  0.123900E+02  0.246805E+00  0.143888E+00  0.176506E-04  0.102900E+00  0.553947E+01  0.110006E+00  0.643599E-01  0.304654E-01  0.754018E-02  0.891450E-07  0.762764E-02  0.124645E-04
  12    10  0.123883E+02  0.246775E+00  0.143856E+00  0.669932E-05  0.102913E+00  0.554735E+01  0.110025E+00  0.644032E-01  0.304573E-01  0.753674E-02  0.148083E-07  0.762301E-02  0.464877E-05
  13     1  0.845789E+00  0.216878E-01  0.118841E-01  0.887259E-04  0.971498E-02  0.296440E+00  0.752453E-02  0.422299E-02  0.209927E-02  0.407145E-03  0.438440E-04  0.601697E-03  0.149578E-03
  13     2  0.466213E+01  0.113991E+00  0.647949E-01  0.436159E-03  0.487602E-01  0.163087E+01  0.401523E-01  0.232357E-01  0.107843E-01  0.224475E-02  0.160923E-03  0.301265E-02  0.713965E-03
  13     3  0.771921E+01  0.187780E+00  0.107318E+00  0.752897E-03  0.797095E-01  0.323427E+01  0.784524E-01  0.454518E-01  0.213701E-01  0.478278E-02  0.183842E-03  0.575859E-02  0.905195E-03
  13     4  0.870265E+01  0.231809E+00  0.133295E+00  0.718746E-03  0.977951E-01  0.375885E+01  0.101259E+00  0.588694E-01  0.277488E-01  0.652808E-02  0.113898E-03  0.726104E-02  0.738045E-03
  13     5  0.109630E+02  0.252057E+00  0.145691E+00  0.491753E-03  0.105874E+00  0.482557E+01  0.111547E+00  0.650242E-01  0.307251E-01  0.743889E-02  0.481432E-04  0.785845E-02  0.451821E-03
  13     6  0.119196E+02  0.258194E+00  0.149965E+00  0.264632E-03  0.107964E+00  0.531026E+01  0.115057E+00  0.672415E-01  0.317635E-01  0.780572E-02  0.139801E-04  0.801227E-02  0.220179E-03
  13     7  0.122192E+02  0.260002E+00  0.151333E+00  0.121044E-03  0.108548E+00  0.546528E+01  0.116047E+00  0.678609E-01  0.321184E-01  0.792199E-02  0.310553E-05  0.804930E-02  0.933052E-04
  13     8  0.123404E+02  0.260665E+00  0.151881E+00  0.502705E-04  0.108733E+00  0.552281E+01  0.116333E+00  0.680290E-01  0.322253E-01  0.796907E-02  0.594512E-06  0.807199E-02  0.367661E-04
  13     9  0.123829E+02  0.261081E+00  0.152172E+00  0.197196E-04  0.108889E+00  0.554115E+01  0.116645E+00  0.682555E-01  0.323066E-01  0.800197E-02  0.104402E-06  0.806676E-02  0.139615E-04
  13    10  0.123973E+02  0.261143E+00  0.152274E+00  0.750322E-05  0.108862E+00  0.554511E+01  0.116566E+00  0.682390E-01  0.322650E-01  0.798413E-02  0.173893E-07  0.807229E-02  0.521040E-05
  14     1  0.731257E+00  0.196371E-01  0.107251E-01  0.812314E-04  0.883086E-02  0.258007E+00  0.687271E-02  0.384701E-02  0.192502E-02  0.371657E-03  0.405938E-04  0.552810E-03  0.135621E-03
  14     2  0.441444E+01  0.114812E+00  0.652432E-01  0.436967E-03  0.491323E-01  0.153094E+01  0.400766E-01  0.231926E-01  0.107538E-01  0.222863E-02  0.164579E-03  0.301101E-02  0.725996E-03
  14     3  0.767699E+01  0.194959E+00  0.111319E+00  0.785388E-03  0.828540E-01  0.319964E+01  0.810377E-01  0.469878E-01  0.220227E-01  0.491859E-02  0.196337E-03  0.595560E-02  0.956735E-03
  14     4  0.856908E+01  0.242861E+00  0.139485E+00  0.767659E-03  0.102609E+00  0.370016E+01  0.105904E+00  0.615273E-01  0.290397E-01  0.681555E-02  0.124651E-03  0.760342E-02  0.793889E-03
  14     5  0.108739E+02  0.265295E+00  0.153406E+00  0.533306E-03  0.111355E+00  0.478190E+01  0.117529E+00  0.685231E-01  0.323708E-01  0.781938E-02  0.537824E-04  0.826911E-02  0.493180E-03
  14     6  0.118941E+02  0.272465E+00  0.158179E+00  0.290243E-03  0.113996E+00  0.529524E+01  0.121310E+00  0.708767E-01  0.335067E-01  0.821295E-02  0.159056E-04  0.845480E-02  0.242757E-03
  14     7  0.122121E+02  0.274819E+00  0.159951E+00  0.133770E-03  0.114735E+00  0.546117E+01  0.122375E+00  0.715397E-01  0.338710E-01  0.835573E-02  0.357282E-05  0.850176E-02  0.103322E-03
  14     8  0.123451E+02  0.275377E+00  0.160411E+00  0.557717E-04  0.114910E+00  0.551499E+01  0.122877E+00  0.719350E-01  0.339717E-01  0.841946E-02  0.688024E-06  0.850969E-02  0.408455E-04
  14     9  0.123774E+02  0.275635E+00  0.160660E+00  0.219244E-04  0.114953E+00  0.553896E+01  0.122971E+00  0.719521E-01  0.340561E-01  0.843068E-02  0.121350E-06  0.851617E-02  0.155376E-04
  14    10  0.124034E+02  0.275859E+00  0.160822E+00  0.834717E-05  0.115029E+00  0.554570E+01  0.123051E+00  0.720129E-01  0.340818E-01  0.843411E-02  0.202629E-07  0.851610E-02  0.580712E-05
  15     1  0.630400E+00  0.177615E-01  0.965999E-02  0.744092E-04  0.802706E-02  0.224361E+00  0.624754E-02  0.348900E-02  0.175648E-02  0.338193E-03  0.374895E-04  0.503987E-03  0.122383E-03
  15     2  0.418473E+01  0.115132E+00  0.654290E-01  0.436434E-03  0.492668E-01  0.143798E+01  0.398166E-01  0.230220E-01  0.106846E-01  0.221032E-02  0.167562E-03  0.299698E-02  0.735162E-03
  15     3  0.762014E+01  0.201749E+00  0.115202E+00  0.816745E-03  0.857301E-01  0.316158E+01  0.834907E-01  0.483767E-01  0.227098E-01  0.504303E-02  0.208746E-03  0.614513E-02  0.100724E-02
  15     4  0.845055E+01  0.253956E+00  0.145747E+00  0.817134E-03  0.107392E+00  0.364668E+01  0.110564E+00  0.642106E-01  0.303356E-01  0.709643E-02  0.135657E-03  0.793487E-02  0.850340E-03
  15     5  0.107802E+02  0.278482E+00  0.160922E+00  0.575728E-03  0.116985E+00  0.474045E+01  0.123273E+00  0.717949E-01  0.339928E-01  0.819640E-02  0.596692E-04  0.869358E-02  0.535373E-03
  15     6  0.118603E+02  0.286601E+00  0.166388E+00  0.316744E-03  0.119896E+00  0.528139E+01  0.127588E+00  0.745513E-01  0.352254E-01  0.863477E-02  0.179636E-04  0.889267E-02  0.266079E-03
  15     7  0.122048E+02  0.288952E+00  0.168133E+00  0.146989E-03  0.120672E+00  0.546016E+01  0.128778E+00  0.753324E-01  0.355828E-01  0.880424E-02  0.407789E-05  0.894066E-02  0.114000E-03
  15     8  0.123355E+02  0.289857E+00  0.168899E+00  0.614262E-04  0.120897E+00  0.551838E+01  0.129260E+00  0.755774E-01  0.358156E-01  0.885985E-02  0.789501E-06  0.896161E-02  0.451514E-04
  15     9  0.123865E+02  0.290281E+00  0.169207E+00  0.242381E-04  0.121050E+00  0.553983E+01  0.129438E+00  0.757211E-01  0.358649E-01  0.887572E-02  0.139799E-06  0.895908E-02  0.171862E-04
  15    10  0.123925E+02  0.290236E+00  0.169206E+00  0.924408E-05  0.121021E+00  0.555094E+01  0.129488E+00  0.757523E-01  0.358831E-01  0.886988E-02  0.233916E-07  0.897670E-02  0.642609E-05
  16     1  0.546344E+00  0.160131E-01  0.869260E-02  0.677100E-04  0.725284E-02  0.194741E+00  0.567045E-02  0.316001E-02  0.159824E-02  0.307111E-03  0.344541E-04  0.460273E-03  0.110365E-03
  16     2  0.395713E+01  0.115029E+00  0.652870E-01  0.434809E-03  0.493075E-01  0.135085E+01  0.395615E-01  0.228467E-01  0.106304E-01  0.218770E-02  0.169856E-03  0.298575E-02  0.741091E-03
  16     3  0.754225E+01  0.208392E+00  0.118968E+00  0.846855E-03  0.885770E-01  0.311675E+01  0.856964E-01  0.496551E-01  0.232890E-01  0.516084E-02  0.220797E-03  0.631382E-02  0.105684E-02
  16     4  0.834303E+01  0.264478E+00  0.151883E+00  0.866330E-03  0.111728E+00  0.359583E+01  0.115114E+00  0.668584E-01  0.315615E-01  0.736640E-02  0.146930E-03  0.827375E-02  0.906677E-03
  16     5  0.106985E+02  0.291958E+00  0.168627E+00  0.619027E-03  0.122712E+00  0.469526E+01  0.129126E+00  0.752633E-01  0.355528E-01  0.856241E-02  0.657718E-04  0.910351E-02  0.578426E-03
  16     6  0.118392E+02  0.300742E+00  0.174682E+00  0.344010E-03  0.125717E+00  0.526446E+01  0.133862E+00  0.781960E-01  0.369767E-01  0.905262E-02  0.201590E-04  0.932662E-02  0.290279E-03
  16     7  0.121935E+02  0.303417E+00  0.176535E+00  0.160591E-03  0.126722E+00  0.545120E+01  0.135293E+00  0.791313E-01  0.374195E-01  0.922808E-02  0.462388E-05  0.938511E-02  0.124938E-03
  16     8  0.123211E+02  0.304252E+00  0.177295E+00  0.674779E-04  0.126890E+00  0.551563E+01  0.135759E+00  0.794040E-01  0.375851E-01  0.930829E-02  0.900909E-06  0.941116E-02  0.496361E-04
  16     9  0.123797E+02  0.304740E+00  0.177651E+00  0.266531E-04  0.127063E+00  0.553948E+01  0.135962E+00  0.795838E-01  0.376237E-01  0.932138E-02  0.159888E-06  0.941385E-02  0.189240E-04
  16    10  0.123934E+02  0.304697E+00  0.177486E+00  0.101792E-04  0.127201E+00  0.554485E+01  0.135868E+00  0.794906E-01  0.376306E-01  0.932482E-02  0.268336E-07  0.941461E-02  0.707256E-05
  17     1  0.471296E+00  0.143860E-01  0.779149E-02  0.616877E-04  0.653278E-02  0.169524E+00  0.513209E-02  0.285426E-02  0.145163E-02  0.277980E-03  0.315448E-04  0.417629E-03  0.990417E-04
  17     2  0.375105E+01  0.114648E+00  0.649675E-01  0.432299E-03  0.492480E-01  0.127377E+01  0.392019E-01  0.226418E-01  0.105255E-01  0.215821E-02  0.171537E-03  0.296104E-02  0.743829E-03
  17     3  0.747397E+01  0.214908E+00  0.122721E+00  0.874174E-03  0.913122E-01  0.306818E+01  0.878649E-01  0.508945E-01  0.238810E-01  0.526927E-02  0.232599E-03  0.648170E-02  0.110581E-02
  17     4  0.825134E+01  0.275016E+00  0.157811E+00  0.915189E-03  0.116290E+00  0.354920E+01  0.119478E+00  0.693926E-01  0.327323E-01  0.763681E-02  0.158383E-03  0.859422E-02  0.963583E-03
  17     5  0.106076E+02  0.304910E+00  0.176165E+00  0.662664E-03  0.128082E+00  0.465331E+01  0.134796E+00  0.785412E-01  0.371001E-01  0.893564E-02  0.721326E-04  0.952454E-02  0.622271E-03
  17     6  0.118069E+02  0.314730E+00  0.182724E+00  0.371866E-03  0.131634E+00  0.525160E+01  0.140105E+00  0.818568E-01  0.386599E-01  0.947601E-02  0.224869E-04  0.977403E-02  0.315415E-03
  17     7  0.121897E+02  0.317459E+00  0.184743E+00  0.174812E-03  0.132541E+00  0.544705E+01  0.141660E+00  0.828131E-01  0.392088E-01  0.966388E-02  0.521062E-05  0.983235E-02  0.136469E-03
  17     8  0.123243E+02  0.318913E+00  0.185755E+00  0.737164E-04  0.133084E+00  0.551591E+01  0.142044E+00  0.830435E-01  0.393572E-01  0.973967E-02  0.102043E-05  0.984854E-02  0.543403E-04
  17     9  0.123724E+02  0.319314E+00  0.186100E+00  0.291749E-04  0.133186E+00  0.554267E+01  0.142436E+00  0.833476E-01  0.394470E-01  0.975913E-02  0.181966E-06  0.986119E-02  0.207650E-04
  17    10  0.124027E+02  0.319361E+00  0.186324E+00  0.111619E-04  0.133026E+00  0.554226E+01  0.142363E+00  0.833069E-01  0.394071E-01  0.977896E-02  0.306015E-07  0.986229E-02  0.776494E-05
  18     1  0.407384E+00  0.129193E-01  0.696448E-02  0.558934E-04  0.589891E-02  0.147745E+00  0.463049E-02  0.256755E-02  0.131429E-02  0.251282E-03  0.287828E-04  0.379694E-03  0.888906E-04
  18     2  0.355550E+01  0.113987E+00  0.645634E-01  0.429110E-03  0.489942E-01  0.119804E+01  0.388032E-01  0.224002E-01  0.104199E-01  0.213008E-02  0.172949E-03  0.293647E-02  0.743540E-03
  18     3  0.738110E+01  0.221071E+00  0.126213E+00  0.900465E-03  0.939573E-01  0.301414E+01  0.898713E-01  0.520863E-01  0.243831E-01  0.537061E-02  0.244153E-03  0.663332E-02  0.115383E-02
  18     4  0.815859E+01  0.285692E+00  0.163805E+00  0.963481E-03  0.120923E+00  0.351131E+01  0.123987E+00  0.719928E-01  0.339711E-01  0.790430E-02  0.170013E-03  0.892848E-02  0.102068E-02
  18     5  0.105231E+02  0.317995E+00  0.183626E+00  0.706466E-03  0.133663E+00  0.461153E+01  0.140513E+00  0.818563E-01  0.386914E-01  0.930020E-02  0.787231E-04  0.991924E-02  0.666743E-03
  18     6  0.117738E+02  0.329134E+00  0.190979E+00  0.400689E-03  0.137754E+00  0.523613E+01  0.146234E+00  0.853658E-01  0.404007E-01  0.989124E-02  0.249394E-04  0.102106E-01  0.341063E-03
  18     7  0.121778E+02  0.331970E+00  0.193157E+00  0.189647E-03  0.138623E+00  0.544413E+01  0.148121E+00  0.866021E-01  0.409826E-01  0.101011E-01  0.583690E-05  0.102808E-01  0.148374E-03
  18     8  0.123214E+02  0.333395E+00  0.194358E+00  0.801860E-04  0.138957E+00  0.551095E+01  0.148604E+00  0.869024E-01  0.411700E-01  0.101776E-01  0.114999E-05  0.102932E-01  0.592184E-04
  18     9  0.123776E+02  0.334085E+00  0.194713E+00  0.317921E-04  0.139340E+00  0.553666E+01  0.148743E+00  0.870012E-01  0.412189E-01  0.101942E-01  0.205570E-06  0.103062E-01  0.226673E-04
  18    10  0.124041E+02  0.334072E+00  0.194759E+00  0.121762E-04  0.139301E+00  0.554725E+01  0.148916E+00  0.871108E-01  0.412519E-01  0.102211E-01  0.346390E-07  0.103233E-01  0.848217E-05
  19     1  0.352437E+00  0.115919E-01  0.624962E-02  0.506295E-04  0.529164E-02  0.128361E+00  0.417521E-02  0.231084E-02  0.118880E-02  0.227147E-03  0.262444E-04  0.342501E-03  0.796712E-04
  19     2  0.336143E+01  0.113075E+00  0.639196E-01  0.425112E-03  0.487306E-01  0.113084E+01  0.383241E-01  0.220858E-01  0.103113E-01  0.210015E-02  0.174137E-03  0.291106E-02  0.741664E-03
  19     3  0.728607E+01  0.227061E+00  0.129673E+00  0.925597E-03  0.964620E-01  0.295538E+01  0.916664E-01  0.531227E-01  0.248566E-01  0.546096E-02  0.255321E-03  0.677051E-02  0.120019E-02
  19     4  0.808429E+01  0.295941E+00  0.169697E+00  0.101175E-02  0.125232E+00  0.347954E+01  0.128237E+00  0.744474E-01  0.351134E-01  0.816626E-02  0.181893E-03  0.925057E-02  0.107732E-02
  19     5  0.104286E+02  0.330704E+00  0.190849E+00  0.751630E-03  0.139103E+00  0.456964E+01  0.146224E+00  0.851779E-01  0.402503E-01  0.966920E-02  0.855405E-04  0.103286E-01  0.712686E-03
  19     6  0.117512E+02  0.343034E+00  0.199055E+00  0.430099E-03  0.143548E+00  0.521993E+01  0.152638E+00  0.891689E-01  0.421135E-01  0.102993E-01  0.275305E-04  0.106608E-01  0.367885E-03
  19     7  0.121713E+02  0.346517E+00  0.201584E+00  0.204819E-03  0.144728E+00  0.543540E+01  0.154432E+00  0.903273E-01  0.426760E-01  0.105352E-01  0.650517E-05  0.107261E-01  0.160833E-03
  19     8  0.123199E+02  0.347633E+00  0.202481E+00  0.869437E-04  0.145064E+00  0.550714E+01  0.155119E+00  0.907995E-01  0.429019E-01  0.106098E-01  0.128893E-05  0.107423E-01  0.643479E-04
  19     9  0.123698E+02  0.348184E+00  0.202984E+00  0.345492E-04  0.145165E+00  0.553492E+01  0.155242E+00  0.908240E-01  0.429970E-01  0.106436E-01  0.230978E-06  0.107529E-01  0.246607E-04
  19    10  0.123964E+02  0.347980E+00  0.202742E+00  0.132394E-04  0.145224E+00  0.554814E+01  0.155280E+00  0.907855E-01  0.430450E-01  0.106805E-01  0.390079E-07  0.107600E-01  0.923364E-05
  20     1  0.305365E+00  0.103580E-01  0.556463E-02  0.457245E-04  0.474767E-02  0.111514E+00  0.376133E-02  0.208150E-02  0.107142E-02  0.204382E-03  0.238062E-04  0.309114E-03  0.711098E-04
  20     2  0.318053E+01  0.111913E+00  0.632359E-01  0.419937E-03  0.482572E-01  0.106631E+01  0.377941E-01  0.217754E-01  0.101720E-01  0.206402E-02  0.174365E-03  0.287098E-02  0.737352E-03
  20     3  0.718333E+01  0.232756E+00  0.132903E+00  0.948593E-03  0.989047E-01  0.289715E+01  0.934050E-01  0.541031E-01  0.253319E-01  0.555353E-02  0.266333E-03  0.690469E-02  0.124547E-02
  20     4  0.801914E+01  0.306043E+00  0.175548E+00  0.105965E-02  0.129435E+00  0.344744E+01  0.132502E+00  0.769220E-01  0.362655E-01  0.841295E-02  0.193897E-03  0.957266E-02  0.113470E-02
  20     5  0.103483E+02  0.343794E+00  0.198436E+00  0.797128E-03  0.144561E+00  0.452839E+01  0.151681E+00  0.883397E-01  0.417414E-01  0.100215E-01  0.925807E-04  0.107276E-01  0.758640E-03
  20     6  0.117147E+02  0.356795E+00  0.207071E+00  0.460334E-03  0.149264E+00  0.520671E+01  0.158875E+00  0.927817E-01  0.438588E-01  0.107179E-01  0.302484E-04  0.110909E-01  0.395148E-03
  20     7  0.121534E+02  0.360964E+00  0.210070E+00  0.220457E-03  0.150674E+00  0.543192E+01  0.160911E+00  0.940646E-01  0.445211E-01  0.109689E-01  0.722183E-05  0.111758E-01  0.173590E-03
  20     8  0.123146E+02  0.361785E+00  0.210768E+00  0.939499E-04  0.150923E+00  0.551027E+01  0.161454E+00  0.944681E-01  0.446610E-01  0.110559E-01  0.143738E-05  0.111973E-01  0.696924E-04
  20     9  0.123715E+02  0.362797E+00  0.211490E+00  0.374280E-04  0.151269E+00  0.553615E+01  0.161817E+00  0.946921E-01  0.448003E-01  0.110915E-01  0.258802E-06  0.112061E-01  0.267028E-04
  20    10  0.123977E+02  0.363021E+00  0.211718E+00  0.143527E-04  0.151289E+00  0.554063E+01  0.161893E+00  0.947197E-01  0.448575E-01  0.110956E-01  0.437209E-07  0.112101E-01  0.100123E-04
  21     1  0.263361E+00  0.925932E-02  0.495906E-02  0.411103E-04  0.425915E-02  0.970200E-01  0.337996E-02  0.186557E-02  0.966940E-03  0.183529E-03  0.214892E-04  0.279065E-03  0.633695E-04
  21     2  0.300812E+01  0.110383E+00  0.622907E-01  0.415382E-03  0.476772E-01  0.100672E+01  0.372253E-01  0.214274E-01  0.100284E-01  0.202954E-02  0.174497E-03  0.283330E-02  0.732177E-03
  21     3  0.708949E+01  0.238389E+00  0.136115E+00  0.970328E-03  0.101304E+00  0.283416E+01  0.950674E-01  0.550877E-01  0.257599E-01  0.562212E-02  0.277118E-03  0.703124E-02  0.128937E-02
  21     4  0.796151E+01  0.315999E+00  0.181157E+00  0.110670E-02  0.133734E+00  0.342357E+01  0.136600E+00  0.792877E-01  0.373902E-01  0.865486E-02  0.206084E-03  0.986887E-02  0.119227E-02
  21     5  0.102642E+02  0.356679E+00  0.205811E+00  0.842936E-03  0.150024E+00  0.448955E+01  0.157255E+00  0.915240E-01  0.433006E-01  0.103806E-01  0.998019E-04  0.111434E-01  0.806095E-03
  21     6  0.116930E+02  0.370826E+00  0.214914E+00  0.491098E-03  0.155422E+00  0.519087E+01  0.165004E+00  0.963413E-01  0.455495E-01  0.111306E-01  0.330832E-04  0.115265E-01  0.423212E-03
  21     7  0.121487E+02  0.375165E+00  0.218314E+00  0.236480E-03  0.156614E+00  0.542904E+01  0.167296E+00  0.978071E-01  0.462643E-01  0.114095E-01  0.797546E-05  0.116203E-01  0.186953E-03
  21     8  0.123107E+02  0.376494E+00  0.219289E+00  0.101153E-03  0.157104E+00  0.550517E+01  0.167915E+00  0.981709E-01  0.465066E-01  0.114923E-01  0.159657E-05  0.116685E-01  0.751995E-04
  21     9  0.123696E+02  0.377324E+00  0.220005E+00  0.403806E-04  0.157278E+00  0.553460E+01  0.168190E+00  0.983892E-01  0.465904E-01  0.115357E-01  0.288137E-06  0.116454E-01  0.288603E-04
  21    10  0.123947E+02  0.377174E+00  0.219875E+00  0.155003E-04  0.157283E+00  0.554253E+01  0.168332E+00  0.984842E-01  0.466294E-01  0.115448E-01  0.487963E-07  0.116628E-01  0.108219E-04
  22     1  0.227510E+00  0.825211E-02  0.441775E-02  0.368851E-04  0.379748E-02  0.842966E-01  0.302382E-02  0.166606E-02  0.866647E-03  0.164677E-03  0.194201E-04  0.250605E-03  0.564181E-04
  22     2  0.284438E+01  0.108776E+00  0.613384E-01  0.409721E-03  0.470279E-01  0.951167E+00  0.366007E-01  0.210427E-01  0.987014E-02  0.199162E-02  0.174030E-03  0.279703E-02  0.725154E-03
  22     3  0.697801E+01  0.243756E+00  0.139100E+00  0.990749E-03  0.103666E+00  0.277331E+01  0.965667E-01  0.559590E-01  0.261461E-01  0.569666E-02  0.287306E-03  0.714572E-02  0.133183E-02
  22     4  0.790867E+01  0.325720E+00  0.186737E+00  0.115420E-02  0.137829E+00  0.340059E+01  0.140777E+00  0.817113E-01  0.385159E-01  0.889660E-02  0.218347E-03  0.101860E-01  0.124889E-02
  22     5  0.101800E+02  0.369238E+00  0.212880E+00  0.888603E-03  0.155469E+00  0.444934E+01  0.162847E+00  0.947719E-01  0.448291E-01  0.107420E-01  0.107229E-03  0.115431E-01  0.853628E-03
  22     6  0.116580E+02  0.384798E+00  0.223176E+00  0.522823E-03  0.161099E+00  0.517413E+01  0.171190E+00  0.999594E-01  0.472269E-01  0.115504E-01  0.360497E-04  0.119655E-01  0.452148E-03
  22     7  0.121335E+02  0.389489E+00  0.226646E+00  0.253295E-03  0.162589E+00  0.542387E+01  0.173663E+00  0.101536E+00  0.480176E-01  0.118255E-01  0.877339E-05  0.120744E-01  0.200653E-03
  22     8  0.123013E+02  0.391005E+00  0.227845E+00  0.108681E-03  0.163051E+00  0.550736E+01  0.174393E+00  0.102032E+00  0.482458E-01  0.119410E-01  0.176495E-05  0.120917E-01  0.808677E-04
  22     9  0.123695E+02  0.392002E+00  0.228570E+00  0.434687E-04  0.163389E+00  0.553617E+01  0.174586E+00  0.102149E+00  0.483451E-01  0.119578E-01  0.319587E-06  0.121030E-01  0.310926E-04
  22    10  0.123949E+02  0.391760E+00  0.228269E+00  0.166942E-04  0.163475E+00  0.554605E+01  0.174719E+00  0.102242E+00  0.483774E-01  0.119748E-01  0.542869E-07  0.121124E-01  0.116706E-04
  23     1  0.197747E+00  0.734403E-02  0.392635E-02  0.331695E-04  0.338451E-02  0.736097E-01  0.270713E-02  0.148987E-02  0.778024E-03  0.146905E-03  0.175074E-04  0.224508E-03  0.503160E-04
  23     2  0.269228E+01  0.107005E+00  0.602024E-01  0.403517E-03  0.463993E-01  0.899960E+00  0.359638E-01  0.206624E-01  0.970704E-02  0.195475E-02  0.173346E-03  0.275067E-02  0.715615E-03
  23     3  0.686505E+01  0.248848E+00  0.142012E+00  0.100894E-02  0.105827E+00  0.271204E+01  0.978896E-01  0.567097E-01  0.264922E-01  0.576320E-02  0.297405E-03  0.725314E-02  0.137393E-02
  23     4  0.787398E+01  0.335347E+00  0.192225E+00  0.120104E-02  0.141921E+00  0.338041E+01  0.144735E+00  0.840195E-01  0.395626E-01  0.913403E-02  0.230768E-03  0.104819E-01  0.130621E-02
  23     5  0.100950E+02  0.382145E+00  0.220303E+00  0.935668E-03  0.160906E+00  0.441077E+01  0.168185E+00  0.978914E-01  0.462555E-01  0.110864E-01  0.114799E-03  0.119348E-01  0.901767E-03
  23     6  0.116261E+02  0.398912E+00  0.231306E+00  0.554488E-03  0.167052E+00  0.515985E+01  0.177358E+00  0.103556E+00  0.489197E-01  0.119609E-01  0.391550E-04  0.124011E-01  0.481487E-03
  23     7  0.121274E+02  0.403622E+00  0.234920E+00  0.270205E-03  0.168432E+00  0.541719E+01  0.180004E+00  0.105214E+00  0.498104E-01  0.122605E-01  0.961870E-05  0.124946E-01  0.214722E-03
  23     8  0.122970E+02  0.405573E+00  0.236236E+00  0.116412E-03  0.169221E+00  0.550410E+01  0.180875E+00  0.105833E+00  0.500338E-01  0.123770E-01  0.194632E-05  0.125429E-01  0.867965E-04
  23     9  0.123736E+02  0.405946E+00  0.236496E+00  0.466299E-04  0.169403E+00  0.553577E+01  0.181221E+00  0.106007E+00  0.501971E-01  0.124306E-01  0.353021E-06  0.125529E-01  0.333982E-04
  23    10  0.123857E+02  0.406471E+00  0.237013E+00  0.179495E-04  0.169440E+00  0.554499E+01  0.181241E+00  0.106049E+00  0.501664E-01  0.124476E-01  0.600745E-07  0.125646E-01  0.125412E-04
  24     1  0.171311E+00  0.652743E-02  0.347731E-02  0.296911E-04  0.302043E-02  0.639345E-01  0.241501E-02  0.132643E-02  0.695310E-03  0.131748E-03  0.156951E-04  0.201134E-03  0.446955E-04
  24     2  0.254632E+01  0.105097E+00  0.590534E-01  0.396995E-03  0.456464E-01  0.850271E+00  0.352942E-01  0.202539E-01  0.954054E-02  0.191497E-02  0.172429E-03  0.270711E-02  0.705250E-03
  24     3  0.675277E+01  0.253752E+00  0.144809E+00  0.102713E-02  0.107915E+00  0.264654E+01  0.992126E-01  0.575162E-01  0.268058E-01  0.581699E-02  0.307063E-03  0.735219E-02  0.141442E-02
  24     4  0.783875E+01  0.344965E+00  0.197490E+00  0.124678E-02  0.146228E+00  0.336683E+01  0.148597E+00  0.862200E-01  0.406335E-01  0.936277E-02  0.243378E-03  0.107731E-01  0.136387E-02
  24     5  0.100171E+02  0.394348E+00  0.227467E+00  0.982380E-03  0.165898E+00  0.437204E+01  0.173856E+00  0.101197E+00  0.478203E-01  0.114349E-01  0.122655E-03  0.123301E-01  0.950563E-03
  24     6  0.116049E+02  0.412966E+00  0.239384E+00  0.587491E-03  0.172994E+00  0.514245E+01  0.183467E+00  0.107095E+00  0.506137E-01  0.123565E-01  0.423807E-04  0.128480E-01  0.511698E-03
  24     7  0.121190E+02  0.418221E+00  0.243245E+00  0.287725E-03  0.174688E+00  0.541153E+01  0.186367E+00  0.108965E+00  0.515109E-01  0.127015E-01  0.105051E-04  0.129490E-01  0.229220E-03
  24     8  0.123003E+02  0.420116E+00  0.244797E+00  0.124395E-03  0.175195E+00  0.550041E+01  0.187310E+00  0.109549E+00  0.518821E-01  0.128012E-01  0.213667E-05  0.129828E-01  0.929187E-04
  24     9  0.123676E+02  0.420686E+00  0.245266E+00  0.499256E-04  0.175370E+00  0.553024E+01  0.187629E+00  0.109785E+00  0.519418E-01  0.128702E-01  0.388832E-06  0.129956E-01  0.358080E-04
  24    10  0.123902E+02  0.421159E+00  0.245671E+00  0.192131E-04  0.175469E+00  0.554393E+01  0.187730E+00  0.109823E+00  0.520159E-01  0.128705E-01  0.662889E-07  0.130076E-01  0.134561E-04
  25     1  0.148295E+00  0.580258E-02  0.309079E-02  0.265572E-04  0.268524E-02  0.556161E-01  0.214916E-02  0.117720E-02  0.621723E-03  0.117189E-03  0.141102E-04  0.179380E-03  0.395593E-04
  25     2  0.240918E+01  0.103088E+00  0.578990E-01  0.390157E-03  0.447994E-01  0.804653E+00  0.345597E-01  0.197990E-01  0.936067E-02  0.187465E-02  0.171365E-03  0.266036E-02  0.693668E-03
  25     3  0.663653E+01  0.258459E+00  0.147507E+00  0.104361E-02  0.109908E+00  0.258861E+01  0.100428E+00  0.581895E-01  0.271455E-01  0.586874E-02  0.316423E-03  0.745508E-02  0.145328E-02
  25     4  0.781613E+01  0.354561E+00  0.202998E+00  0.129302E-02  0.150269E+00  0.335397E+01  0.152493E+00  0.884678E-01  0.417059E-01  0.958715E-02  0.255992E-03  0.110547E-01  0.142130E-02
  25     5  0.993246E+01  0.407087E+00  0.234612E+00  0.102936E-02  0.171446E+00  0.433522E+01  0.179375E+00  0.104422E+00  0.493254E-01  0.117749E-01  0.130588E-03  0.127215E-01  0.100025E-02
  25     6  0.115667E+02  0.426891E+00  0.247462E+00  0.620626E-03  0.178808E+00  0.512856E+01  0.189756E+00  0.110835E+00  0.523006E-01  0.127669E-01  0.457433E-04  0.132653E-01  0.542551E-03
  25     7  0.121088E+02  0.432239E+00  0.251218E+00  0.305954E-03  0.180715E+00  0.540562E+01  0.192683E+00  0.112723E+00  0.531878E-01  0.131235E-01  0.114378E-04  0.133940E-01  0.244074E-03
  25     8  0.122971E+02  0.434289E+00  0.253012E+00  0.132514E-03  0.181145E+00  0.549878E+01  0.193853E+00  0.113405E+00  0.536572E-01  0.132622E-01  0.233600E-05  0.134272E-01  0.991574E-04
  25     9  0.123695E+02  0.434979E+00  0.253552E+00  0.533008E-04  0.181374E+00  0.553242E+01  0.194156E+00  0.113598E+00  0.537891E-01  0.132923E-01  0.426709E-06  0.134375E-01  0.382572E-04
  25    10  0.123865E+02  0.435894E+00  0.254156E+00  0.205520E-04  0.181718E+00  0.554856E+01  0.194189E+00  0.113568E+00  0.538029E-01  0.133381E-01  0.728224E-07  0.134649E-01  0.143879E-04
  26     1  0.128404E+00  0.514835E-02  0.273467E-02  0.238113E-04  0.238987E-02  0.483391E-01  0.191415E-02  0.104652E-02  0.554960E-03  0.104611E-03  0.126788E-04  0.160263E-03  0.351167E-04
  26     2  0.227401E+01  0.100820E+00  0.565478E-01  0.382794E-03  0.438889E-01  0.762469E+00  0.338354E-01  0.193689E-01  0.917452E-02  0.183215E-02  0.169633E-03  0.260954E-02  0.680599E-03
  26     3  0.652141E+01  0.262944E+00  0.150016E+00  0.105991E-02  0.111868E+00  0.252706E+01  0.101492E+00  0.588106E-01  0.274179E-01  0.591214E-02  0.325580E-03  0.753557E-02  0.149061E-02
  26     4  0.779771E+01  0.363440E+00  0.208075E+00  0.133741E-02  0.154028E+00  0.333934E+01  0.156330E+00  0.906944E-01  0.427352E-01  0.980892E-02  0.268686E-03  0.113443E-01  0.147826E-02
  26     5  0.985716E+01  0.419457E+00  0.241736E+00  0.107718E-02  0.176643E+00  0.429542E+01  0.184659E+00  0.107474E+00  0.507660E-01  0.121164E-01  0.138768E-03  0.131140E-01  0.105006E-02
  26     6  0.115350E+02  0.440693E+00  0.255514E+00  0.654541E-03  0.184524E+00  0.511070E+01  0.195700E+00  0.114215E+00  0.540066E-01  0.131616E-01  0.492180E-04  0.136928E-01  0.573940E-03
  26     7  0.120907E+02  0.447075E+00  0.259882E+00  0.324100E-03  0.186869E+00  0.540077E+01  0.199300E+00  0.116579E+00  0.550455E-01  0.135585E-01  0.124177E-04  0.138446E-01  0.259463E-03
  26     8  0.122845E+02  0.448772E+00  0.261434E+00  0.140907E-03  0.187197E+00  0.549657E+01  0.200207E+00  0.117130E+00  0.553963E-01  0.136836E-01  0.254993E-05  0.138885E-01  0.105625E-03
  26     9  0.123620E+02  0.449672E+00  0.262193E+00  0.567919E-04  0.187422E+00  0.553359E+01  0.200598E+00  0.117420E+00  0.554972E-01  0.137352E-01  0.466864E-06  0.139048E-01  0.407941E-04
  26    10  0.123961E+02  0.449663E+00  0.262002E+00  0.219154E-04  0.187639E+00  0.554215E+01  0.200653E+00  0.117406E+00  0.555462E-01  0.137737E-01  0.798354E-07  0.139117E-01  0.153630E-04
  27     1  0.111226E+00  0.456272E-02  0.242665E-02  0.211567E-04  0.211491E-02  0.419948E-01  0.170425E-02  0.933167E-03  0.492849E-03  0.929404E-04  0.113198E-04  0.142810E-03  0.311647E-04
  27     2  0.215509E+01  0.986331E-01  0.552310E-01  0.375513E-03  0.430266E-01  0.721225E+00  0.331098E-01  0.189285E-01  0.899671E-02  0.179235E-02  0.167778E-03  0.255603E-02  0.668427E-03
  27     3  0.641427E+01  0.267200E+00  0.152486E+00  0.107315E-02  0.113641E+00  0.246496E+01  0.102541E+00  0.594291E-01  0.276757E-01  0.595746E-02  0.334283E-03  0.761670E-02  0.152831E-02
  27     4  0.778195E+01  0.372796E+00  0.213625E+00  0.138139E-02  0.157790E+00  0.332952E+01  0.159982E+00  0.927903E-01  0.437277E-01  0.100254E-01  0.281506E-03  0.116225E-01  0.153496E-02
  27     5  0.977592E+01  0.431828E+00  0.248757E+00  0.112428E-02  0.181948E+00  0.426051E+01  0.189974E+00  0.110557E+00  0.522157E-01  0.124523E-01  0.147083E-03  0.135018E-01  0.110024E-02
  27     6  0.115097E+02  0.454285E+00  0.263263E+00  0.688605E-03  0.190334E+00  0.509500E+01  0.201966E+00  0.117913E+00  0.556783E-01  0.135825E-01  0.528255E-04  0.141331E-01  0.606178E-03
  27     7  0.121002E+02  0.460877E+00  0.268086E+00  0.342787E-03  0.192448E+00  0.539934E+01  0.205532E+00  0.120145E+00  0.568313E-01  0.139888E-01  0.134440E-04  0.142782E-01  0.275154E-03
  27     8  0.122855E+02  0.463292E+00  0.269727E+00  0.149713E-03  0.193416E+00  0.549558E+01  0.206488E+00  0.120709E+00  0.572023E-01  0.141318E-01  0.277215E-05  0.143298E-01  0.112347E-03
  27     9  0.123552E+02  0.464123E+00  0.270383E+00  0.603904E-04  0.193679E+00  0.553351E+01  0.207076E+00  0.121167E+00  0.573295E-01  0.141946E-01  0.508979E-06  0.143406E-01  0.434498E-04
  27    10  0.123985E+02  0.464463E+00  0.270921E+00  0.233131E-04  0.193518E+00  0.554027E+01  0.207105E+00  0.121244E+00  0.572897E-01  0.142249E-01  0.872291E-07  0.143300E-01  0.163385E-04
  28     1  0.961504E-01  0.404072E-02  0.214005E-02  0.187984E-04  0.188187E-02  0.364556E-01  0.151469E-02  0.827362E-03  0.439562E-03  0.829504E-04  0.100983E-04  0.127169E-03  0.275520E-04
  28     2  0.203621E+01  0.962752E-01  0.538657E-01  0.367533E-03  0.420420E-01  0.682499E+00  0.323597E-01  0.184686E-01  0.881514E-02  0.175107E-02  0.166021E-03  0.250557E-02  0.653364E-03
  28     3  0.629681E+01  0.271295E+00  0.154849E+00  0.108608E-02  0.115360E+00  0.240741E+01  0.103462E+00  0.599682E-01  0.278976E-01  0.599644E-02  0.342654E-03  0.769476E-02  0.156250E-02
  28     4  0.777232E+01  0.381894E+00  0.218587E+00  0.142620E-02  0.161881E+00  0.332287E+01  0.163739E+00  0.950057E-01  0.447081E-01  0.102424E-01  0.294370E-03  0.118965E-01  0.159237E-02
  28     5  0.970466E+01  0.444233E+00  0.255903E+00  0.117276E-02  0.187157E+00  0.422547E+01  0.195309E+00  0.113649E+00  0.536889E-01  0.127885E-01  0.155512E-03  0.138771E-01  0.115065E-02
  28     6  0.114750E+02  0.468450E+00  0.271343E+00  0.723991E-03  0.196383E+00  0.508166E+01  0.207922E+00  0.121326E+00  0.573606E-01  0.139640E-01  0.565344E-04  0.145763E-01  0.638451E-03
  28     7  0.120839E+02  0.475213E+00  0.276325E+00  0.362141E-03  0.198526E+00  0.539481E+01  0.211911E+00  0.123881E+00  0.585915E-01  0.144029E-01  0.145152E-04  0.147292E-01  0.291282E-03
  28     8  0.122943E+02  0.477855E+00  0.278350E+00  0.158427E-03  0.199346E+00  0.549365E+01  0.213002E+00  0.124580E+00  0.589603E-01  0.145767E-01  0.300719E-05  0.147630E-01  0.119240E-03
  28     9  0.123604E+02  0.479732E+00  0.279717E+00  0.640782E-04  0.199950E+00  0.552964E+01  0.213272E+00  0.124713E+00  0.590943E-01  0.146330E-01  0.553554E-06  0.147843E-01  0.461493E-04
  28    10  0.123918E+02  0.478630E+00  0.278848E+00  0.247986E-04  0.199758E+00  0.554740E+01  0.213580E+00  0.124916E+00  0.591972E-01  0.146486E-01  0.949980E-07  0.148012E-01  0.173793E-04
  29     1  0.834521E-01  0.358404E-02  0.189625E-02  0.167902E-04  0.167100E-02  0.316600E-01  0.134592E-02  0.735310E-03  0.390537E-03  0.735163E-04  0.900767E-05  0.113231E-03  0.243140E-04
  29     2  0.192690E+01  0.939692E-01  0.525016E-01  0.359808E-03  0.411078E-01  0.647191E+00  0.315873E-01  0.180185E-01  0.860463E-02  0.170793E-02  0.164004E-03  0.245250E-02  0.639681E-03
  29     3  0.618365E+01  0.275261E+00  0.157021E+00  0.109900E-02  0.117141E+00  0.234781E+01  0.104308E+00  0.604645E-01  0.281187E-01  0.602531E-02  0.350863E-03  0.775241E-02  0.159658E-02
  29     4  0.777248E+01  0.390671E+00  0.223585E+00  0.146831E-02  0.165618E+00  0.332079E+01  0.167334E+00  0.970729E-01  0.456865E-01  0.104466E-01  0.307227E-03  0.121740E-01  0.164727E-02
  29     5  0.962419E+01  0.456170E+00  0.262773E+00  0.122070E-02  0.192177E+00  0.419042E+01  0.200690E+00  0.116790E+00  0.551374E-01  0.131205E-01  0.164225E-03  0.142751E-01  0.120232E-02
  29     6  0.114437E+02  0.482368E+00  0.279430E+00  0.758741E-03  0.202179E+00  0.506243E+01  0.214172E+00  0.124963E+00  0.590721E-01  0.143856E-01  0.603704E-04  0.150187E-01  0.671814E-03
  29     7  0.120661E+02  0.489519E+00  0.284544E+00  0.381954E-03  0.204593E+00  0.538667E+01  0.218299E+00  0.127642E+00  0.602886E-01  0.148559E-01  0.156272E-04  0.151893E-01  0.307977E-03
  29     8  0.122831E+02  0.491947E+00  0.286521E+00  0.167599E-03  0.205259E+00  0.549014E+01  0.219520E+00  0.128467E+00  0.607112E-01  0.150061E-01  0.325445E-05  0.152061E-01  0.126243E-03
  29     9  0.123498E+02  0.493089E+00  0.287251E+00  0.678641E-04  0.205771E+00  0.552998E+01  0.219978E+00  0.128693E+00  0.609291E-01  0.150769E-01  0.600423E-06  0.152298E-01  0.489458E-04
  29    10  0.123852E+02  0.493470E+00  0.287751E+00  0.262825E-04  0.205693E+00  0.554302E+01  0.220019E+00  0.128667E+00  0.609755E-01  0.151076E-01  0.103322E-06  0.152496E-01  0.184385E-04
  30     1  0.723331E-01  0.316014E-02  0.167119E-02  0.148460E-04  0.147410E-02  0.274403E-01  0.119513E-02  0.651746E-03  0.347830E-03  0.652538E-04  0.803643E-05  0.100783E-03  0.214831E-04
  30     2  0.182400E+01  0.916382E-01  0.510892E-01  0.352511E-03  0.401964E-01  0.613275E+00  0.308381E-01  0.175761E-01  0.841413E-02  0.166628E-02  0.161414E-03  0.239626E-02  0.623842E-03
  30     3  0.607323E+01  0.278782E+00  0.159016E+00  0.111028E-02  0.118656E+00  0.229014E+01  0.105050E+00  0.608649E-01  0.283319E-01  0.605388E-02  0.358684E-03  0.781016E-02  0.163032E-02
  30     4  0.776981E+01  0.399783E+00  0.228777E+00  0.151230E-02  0.169494E+00  0.331501E+01  0.170741E+00  0.989958E-01  0.466381E-01  0.106427E-01  0.320223E-03  0.124397E-01  0.170409E-02
  30     5  0.955869E+01  0.468211E+00  0.269720E+00  0.126947E-02  0.197222E+00  0.415790E+01  0.205743E+00  0.119713E+00  0.565060E-01  0.134501E-01  0.173050E-03  0.146475E-01  0.125382E-02
  30     6  0.114065E+02  0.495821E+00  0.287371E+00  0.795106E-03  0.207655E+00  0.504818E+01  0.220261E+00  0.128488E+00  0.607826E-01  0.147816E-01  0.643439E-04  0.154380E-01  0.705731E-03
  30     7  0.120544E+02  0.503878E+00  0.292838E+00  0.401822E-03  0.210638E+00  0.538203E+01  0.224541E+00  0.131219E+00  0.620701E-01  0.152752E-01  0.167911E-04  0.156348E-01  0.324797E-03
  30     8  0.122780E+02  0.506178E+00  0.294727E+00  0.176956E-03  0.211274E+00  0.548997E+01  0.225832E+00  0.132105E+00  0.624805E-01  0.154401E-01  0.351550E-05  0.156691E-01  0.133529E-03
  30     9  0.123622E+02  0.507764E+00  0.295908E+00  0.718680E-04  0.211784E+00  0.552812E+01  0.226364E+00  0.132404E+00  0.627061E-01  0.155147E-01  0.650626E-06  0.156869E-01  0.518256E-04
  30    10  0.123917E+02  0.508155E+00  0.296342E+00  0.278198E-04  0.211786E+00  0.554042E+01  0.226615E+00  0.132611E+00  0.627649E-01  0.155213E-01  0.111936E-06  0.156981E-01  0.195455E-04
  31     1  0.626101E-01  0.279462E-02  0.147753E-02  0.132041E-04  0.130388E-02  0.238853E-01  0.105744E-02  0.576853E-03  0.307306E-03  0.577613E-04  0.715401E-05  0.894314E-04  0.189327E-04
  31     2  0.172601E+01  0.890717E-01  0.495901E-01  0.344718E-03  0.391369E-01  0.581754E+00  0.300607E-01  0.171138E-01  0.821329E-02  0.162358E-02  0.158916E-03  0.234244E-02  0.608663E-03
  31     3  0.596840E+01  0.282305E+00  0.161054E+00  0.112054E-02  0.120131E+00  0.223564E+01  0.105640E+00  0.612135E-01  0.284571E-01  0.607522E-02  0.366025E-03  0.786792E-02  0.166047E-02
  31     4  0.776563E+01  0.408355E+00  0.233725E+00  0.155405E-02  0.173076E+00  0.331189E+01  0.174353E+00  0.101117E+00  0.476062E-01  0.108435E-01  0.333204E-03  0.126929E-01  0.176037E-02
  31     5  0.948582E+01  0.480581E+00  0.276643E+00  0.131786E-02  0.202620E+00  0.412214E+01  0.210879E+00  0.122608E+00  0.579847E-01  0.137707E-01  0.181994E-03  0.150263E-01  0.130641E-02
  31     6  0.113807E+02  0.509728E+00  0.295251E+00  0.830838E-03  0.213646E+00  0.503372E+01  0.226138E+00  0.131943E+00  0.623544E-01  0.151817E-01  0.683918E-04  0.158504E-01  0.740174E-03
  31     7  0.120476E+02  0.518496E+00  0.301631E+00  0.422188E-03  0.216443E+00  0.537765E+01  0.230880E+00  0.134917E+00  0.638251E-01  0.157128E-01  0.180030E-04  0.160654E-01  0.342093E-03
  31     8  0.122768E+02  0.521184E+00  0.303514E+00  0.186432E-03  0.217484E+00  0.548846E+01  0.232201E+00  0.135770E+00  0.642796E-01  0.158747E-01  0.378354E-05  0.161325E-01  0.140965E-03
  31     9  0.123581E+02  0.522117E+00  0.304344E+00  0.757825E-04  0.217697E+00  0.552785E+01  0.232750E+00  0.136096E+00  0.645053E-01  0.159674E-01  0.702590E-06  0.161255E-01  0.547448E-04
  31    10  0.124017E+02  0.521886E+00  0.304171E+00  0.293883E-04  0.217686E+00  0.554103E+01  0.233100E+00  0.136370E+00  0.646027E-01  0.159796E-01  0.121051E-06  0.161269E-01  0.206448E-04
  32     1  0.544073E-01  0.246958E-02  0.130137E-02  0.116795E-04  0.115653E-02  0.208000E-01  0.935175E-03  0.509384E-03  0.272454E-03  0.512015E-04  0.635266E-05  0.790693E-04  0.167130E-04
  32     2  0.163175E+01  0.866535E-01  0.481747E-01  0.336540E-03  0.381423E-01  0.551100E+00  0.292947E-01  0.166578E-01  0.801791E-02  0.158120E-02  0.156258E-03  0.228869E-02  0.592821E-03
  32     3  0.585589E+01  0.285578E+00  0.162784E+00  0.112938E-02  0.121664E+00  0.217721E+01  0.106380E+00  0.616596E-01  0.286366E-01  0.609614E-02  0.373396E-03  0.792364E-02  0.169044E-02
  32     4  0.776566E+01  0.416830E+00  0.238390E+00  0.159708E-02  0.176843E+00  0.330843E+01  0.177715E+00  0.103081E+00  0.484748E-01  0.110357E-01  0.346137E-03  0.129611E-01  0.181663E-02
  32     5  0.941653E+01  0.492292E+00  0.283376E+00  0.136674E-02  0.207550E+00  0.408970E+01  0.216239E+00  0.125794E+00  0.593881E-01  0.140911E-01  0.191094E-03  0.154155E-01  0.135856E-02
  32     6  0.113480E+02  0.523067E+00  0.302840E+00  0.867814E-03  0.219359E+00  0.501616E+01  0.232449E+00  0.135642E+00  0.640801E-01  0.155834E-01  0.725866E-04  0.162963E-01  0.774823E-03
  32     7  0.120404E+02  0.532588E+00  0.309777E+00  0.443279E-03  0.222368E+00  0.537201E+01  0.237341E+00  0.138728E+00  0.656003E-01  0.161200E-01  0.192589E-04  0.165146E-01  0.359825E-03
  32     8  0.122679E+02  0.535261E+00  0.311589E+00  0.196292E-03  0.223476E+00  0.549106E+01  0.238806E+00  0.139735E+00  0.660367E-01  0.163221E-01  0.406714E-05  0.165594E-01  0.148538E-03
  32     9  0.123509E+02  0.536443E+00  0.312632E+00  0.798961E-04  0.223731E+00  0.552684E+01  0.239220E+00  0.140003E+00  0.661863E-01  0.163854E-01  0.757061E-06  0.165869E-01  0.577569E-04
  32    10  0.123913E+02  0.536426E+00  0.312459E+00  0.310099E-04  0.223937E+00  0.554432E+01  0.239517E+00  0.140128E+00  0.663490E-01  0.164157E-01  0.130708E-06  0.166018E-01  0.218062E-04
  33     1  0.471431E-01  0.217556E-02  0.114722E-02  0.103618E-04  0.101798E-02  0.180308E-01  0.826408E-03  0.450287E-03  0.240557E-03  0.452347E-04  0.562789E-05  0.699395E-04  0.147615E-04
  33     2  0.154436E+01  0.842038E-01  0.467781E-01  0.328267E-03  0.370974E-01  0.523103E+00  0.285235E-01  0.161970E-01  0.782656E-02  0.153904E-02  0.153419E-03  0.223046E-02  0.577004E-03
  33     3  0.574645E+01  0.288899E+00  0.164703E+00  0.113820E-02  0.123058E+00  0.212433E+01  0.106810E+00  0.618837E-01  0.287623E-01  0.610871E-02  0.380353E-03  0.795574E-02  0.171912E-02
  33     4  0.777380E+01  0.424990E+00  0.243161E+00  0.163845E-02  0.180190E+00  0.330142E+01  0.181113E+00  0.105053E+00  0.493978E-01  0.112177E-01  0.359075E-03  0.132136E-01  0.187210E-02
  33     5  0.934415E+01  0.504227E+00  0.290162E+00  0.141559E-02  0.212650E+00  0.405827E+01  0.221028E+00  0.128459E+00  0.607620E-01  0.144173E-01  0.200309E-03  0.157782E-01  0.141125E-02
  33     6  0.113168E+02  0.537117E+00  0.310914E+00  0.905032E-03  0.225297E+00  0.500178E+01  0.238514E+00  0.139166E+00  0.657325E-01  0.159879E-01  0.768650E-04  0.167400E-01  0.810267E-03
  33     7  0.120358E+02  0.546662E+00  0.317772E+00  0.464074E-03  0.228426E+00  0.536612E+01  0.243665E+00  0.142391E+00  0.673701E-01  0.165553E-01  0.205766E-04  0.169510E-01  0.377869E-03
  33     8  0.122650E+02  0.549678E+00  0.320065E+00  0.206248E-03  0.229407E+00  0.548802E+01  0.245176E+00  0.143375E+00  0.678733E-01  0.167542E-01  0.436433E-05  0.170131E-01  0.156320E-03
  33     9  0.123611E+02  0.551013E+00  0.321025E+00  0.840712E-04  0.229904E+00  0.552903E+01  0.245966E+00  0.143867E+00  0.681251E-01  0.168682E-01  0.813782E-06  0.170440E-01  0.608618E-04
  33    10  0.123762E+02  0.551469E+00  0.321476E+00  0.327099E-04  0.229960E+00  0.554118E+01  0.245972E+00  0.143895E+00  0.681158E-01  0.168872E-01  0.140734E-06  0.170511E-01  0.229786E-04
  34     1  0.407162E-01  0.191876E-02  0.101017E-02  0.917415E-05  0.899415E-03  0.156407E-01  0.730887E-03  0.397014E-03  0.213984E-03  0.399559E-04  0.498893E-05  0.619645E-04  0.129793E-04
  34     2  0.146128E+01  0.818750E-01  0.454024E-01  0.320121E-03  0.361525E-01  0.496325E+00  0.277356E-01  0.157376E-01  0.761083E-02  0.149800E-02  0.150650E-03  0.217827E-02  0.560277E-03
  34     3  0.563864E+01  0.291479E+00  0.166141E+00  0.114537E-02  0.124193E+00  0.206990E+01  0.107341E+00  0.622372E-01  0.288474E-01  0.612140E-02  0.387076E-03  0.800178E-02  0.174613E-02
  34     4  0.776897E+01  0.433606E+00  0.247961E+00  0.167828E-02  0.183967E+00  0.330152E+01  0.184197E+00  0.106767E+00  0.502844E-01  0.114020E-01  0.372257E-03  0.134445E-01  0.192659E-02
  34     5  0.928218E+01  0.516198E+00  0.297086E+00  0.146420E-02  0.217647E+00  0.402676E+01  0.226269E+00  0.131547E+00  0.621615E-01  0.147314E-01  0.209709E-03  0.161542E-01  0.146509E-02
  34     6  0.112842E+02  0.550916E+00  0.318875E+00  0.942536E-03  0.231099E+00  0.498506E+01  0.244510E+00  0.142676E+00  0.673922E-01  0.163630E-01  0.812979E-04  0.171512E-01  0.846527E-03
  34     7  0.120220E+02  0.560900E+00  0.325963E+00  0.485875E-03  0.234451E+00  0.536033E+01  0.249919E+00  0.146071E+00  0.690492E-01  0.169852E-01  0.219322E-04  0.173950E-01  0.396184E-03
  34     8  0.122677E+02  0.564236E+00  0.328462E+00  0.216545E-03  0.235558E+00  0.548435E+01  0.251662E+00  0.147156E+00  0.696804E-01  0.172012E-01  0.467466E-05  0.174545E-01  0.164386E-03
  34     9  0.123596E+02  0.565546E+00  0.329553E+00  0.884506E-04  0.235905E+00  0.552608E+01  0.252302E+00  0.147627E+00  0.698447E-01  0.172927E-01  0.873533E-06  0.174719E-01  0.640917E-04
  34    10  0.123887E+02  0.565982E+00  0.330171E+00  0.343707E-04  0.235776E+00  0.554570E+01  0.252505E+00  0.147732E+00  0.699117E-01  0.173471E-01  0.151282E-06  0.174897E-01  0.242094E-04
  35     1  0.354273E-01  0.169119E-02  0.891263E-03  0.811088E-05  0.791817E-03  0.136331E-01  0.643675E-03  0.349071E-03  0.188745E-03  0.353228E-04  0.440860E-05  0.547243E-04  0.114027E-04
  35     2  0.138218E+01  0.794189E-01  0.439818E-01  0.311880E-03  0.351253E-01  0.470521E+00  0.269562E-01  0.152721E-01  0.741071E-02  0.145803E-02  0.147915E-03  0.212319E-02  0.544322E-03
  35     3  0.553570E+01  0.294134E+00  0.167712E+00  0.115246E-02  0.125270E+00  0.202510E+01  0.107868E+00  0.625242E-01  0.290053E-01  0.613053E-02  0.393138E-03  0.804460E-02  0.177057E-02
  35     4  0.777469E+01  0.441903E+00  0.252611E+00  0.171856E-02  0.187574E+00  0.329905E+01  0.187495E+00  0.108722E+00  0.511457E-01  0.115840E-01  0.385098E-03  0.136758E-01  0.198247E-02
  35     5  0.921432E+01  0.527995E+00  0.303704E+00  0.151343E-02  0.222777E+00  0.399745E+01  0.231547E+00  0.134628E+00  0.636009E-01  0.150542E-01  0.219215E-03  0.165275E-01  0.151789E-02
  35     6  0.112513E+02  0.564773E+00  0.326998E+00  0.980690E-03  0.236794E+00  0.496782E+01  0.250484E+00  0.146165E+00  0.690188E-01  0.167579E-01  0.858256E-04  0.175737E-01  0.882932E-03
  35     7  0.120082E+02  0.574821E+00  0.333861E+00  0.507865E-03  0.240452E+00  0.535685E+01  0.256011E+00  0.149633E+00  0.707065E-01  0.174137E-01  0.233238E-04  0.178197E-01  0.415199E-03
  35     8  0.122608E+02  0.578342E+00  0.336718E+00  0.226881E-03  0.241397E+00  0.548229E+01  0.258060E+00  0.150887E+00  0.714482E-01  0.176576E-01  0.499019E-05  0.178892E-01  0.172597E-03
  35     9  0.123431E+02  0.580228E+00  0.338244E+00  0.928020E-04  0.241891E+00  0.552312E+01  0.258810E+00  0.151459E+00  0.716595E-01  0.177048E-01  0.935924E-06  0.179181E-01  0.673513E-04
  35    10  0.123891E+02  0.580781E+00  0.338690E+00  0.361437E-04  0.242055E+00  0.554353E+01  0.258904E+00  0.151491E+00  0.716896E-01  0.177622E-01  0.162342E-06  0.179354E-01  0.254593E-04
  36     1  0.307558E-01  0.149058E-02  0.785207E-03  0.715800E-05  0.698218E-03  0.117826E-01  0.568695E-03  0.308824E-03  0.166554E-03  0.311007E-04  0.390799E-05  0.482508E-04  0.100573E-04
  36     2  0.130793E+01  0.768805E-01  0.425730E-01  0.303466E-03  0.340041E-01  0.446992E+00  0.262041E-01  0.148317E-01  0.721743E-02  0.141476E-02  0.144564E-03  0.206700E-02  0.528682E-03
  36     3  0.542625E+01  0.296737E+00  0.169027E+00  0.115889E-02  0.126550E+00  0.197433E+01  0.108106E+00  0.626247E-01  0.290795E-01  0.613631E-02  0.399211E-03  0.807143E-02  0.179489E-02
  36     4  0.777065E+01  0.449624E+00  0.256949E+00  0.175680E-02  0.190918E+00  0.329225E+01  0.190624E+00  0.110538E+00  0.519651E-01  0.117566E-01  0.398056E-03  0.139284E-01  0.203747E-02
  36     5  0.915283E+01  0.539803E+00  0.310549E+00  0.156250E-02  0.227691E+00  0.396678E+01  0.236540E+00  0.137551E+00  0.649378E-01  0.153622E-01  0.228917E-03  0.168890E-01  0.157160E-02
  36     6  0.112183E+02  0.578014E+00  0.334568E+00  0.101957E-02  0.242427E+00  0.495159E+01  0.256251E+00  0.149427E+00  0.706714E-01  0.171469E-01  0.904289E-04  0.179954E-01  0.919620E-03
  36     7  0.119992E+02  0.589845E+00  0.342867E+00  0.530187E-03  0.246448E+00  0.534793E+01  0.262577E+00  0.153529E+00  0.724890E-01  0.178363E-01  0.247821E-04  0.182636E-01  0.434185E-03
  36     8  0.122497E+02  0.592683E+00  0.345035E+00  0.237572E-03  0.247411E+00  0.548003E+01  0.264608E+00  0.154786E+00  0.732232E-01  0.180555E-01  0.532769E-05  0.183569E-01  0.180847E-03
  36     9  0.123469E+02  0.594527E+00  0.346565E+00  0.974010E-04  0.247865E+00  0.552574E+01  0.265065E+00  0.155175E+00  0.732992E-01  0.181474E-01  0.100075E-05  0.183719E-01  0.706084E-04
  36    10  0.123845E+02  0.594833E+00  0.346706E+00  0.379616E-04  0.248088E+00  0.554296E+01  0.265399E+00  0.155359E+00  0.734435E-01  0.181756E-01  0.173783E-06  0.183942E-01  0.267287E-04
  37     1  0.265187E-01  0.131111E-02  0.688457E-03  0.633524E-05  0.616316E-03  0.101993E-01  0.501904E-03  0.272460E-03  0.147058E-03  0.274357E-04  0.346131E-05  0.426575E-04  0.883114E-05
  37     2  0.123748E+01  0.745385E-01  0.412019E-01  0.295435E-03  0.330412E-01  0.424193E+00  0.254433E-01  0.143855E-01  0.702358E-02  0.137282E-02  0.141507E-03  0.200718E-02  0.512617E-03
  37     3  0.532675E+01  0.298906E+00  0.170345E+00  0.116520E-02  0.127396E+00  0.192770E+01  0.108422E+00  0.628336E-01  0.291271E-01  0.613982E-02  0.404939E-03  0.809726E-02  0.181959E-02
  37     4  0.776813E+01  0.457692E+00  0.261780E+00  0.179604E-02  0.194117E+00  0.328543E+01  0.193696E+00  0.112302E+00  0.528021E-01  0.119342E-01  0.411157E-03  0.141547E-01  0.209173E-02
  37     5  0.908497E+01  0.551193E+00  0.316880E+00  0.161101E-02  0.232702E+00  0.393835E+01  0.241440E+00  0.140357E+00  0.663004E-01  0.156723E-01  0.238664E-03  0.172459E-01  0.162542E-02
  37     6  0.111900E+02  0.591525E+00  0.342327E+00  0.105777E-02  0.248140E+00  0.493568E+01  0.262314E+00  0.153002E+00  0.722911E-01  0.175434E-01  0.952010E-04  0.184245E-01  0.957218E-03
  37     7  0.119952E+02  0.603484E+00  0.350623E+00  0.552716E-03  0.252309E+00  0.534697E+01  0.268914E+00  0.157157E+00  0.743123E-01  0.182479E-01  0.262782E-04  0.187170E-01  0.453747E-03
  37     8  0.122595E+02  0.607432E+00  0.353530E+00  0.248413E-03  0.253654E+00  0.547756E+01  0.270870E+00  0.158345E+00  0.749999E-01  0.185349E-01  0.567142E-05  0.187944E-01  0.189519E-03
  37     9  0.123446E+02  0.609162E+00  0.354919E+00  0.101975E-03  0.254141E+00  0.552419E+01  0.271562E+00  0.158862E+00  0.752341E-01  0.185810E-01  0.106866E-05  0.188098E-01  0.740735E-04
  37    10  0.123895E+02  0.609628E+00  0.355561E+00  0.397995E-04  0.254027E+00  0.553668E+01  0.271792E+00  0.159028E+00  0.752619E-01  0.186596E-01  0.185952E-06  0.188142E-01  0.280501E-04
  38     1  0.230240E-01  0.114973E-02  0.602912E-03  0.557364E-05  0.541243E-03  0.885760E-02  0.440792E-03  0.239423E-03  0.128856E-03  0.242101E-04  0.304951E-05  0.374935E-04  0.776051E-05
  38     2  0.117091E+01  0.721909E-01  0.398492E-01  0.287378E-03  0.320543E-01  0.402541E+00  0.246864E-01  0.139357E-01  0.682819E-02  0.133335E-02  0.138407E-03  0.195457E-02  0.496145E-03
  38     3  0.522587E+01  0.301116E+00  0.171575E+00  0.116947E-02  0.128372E+00  0.187991E+01  0.108654E+00  0.629244E-01  0.292073E-01  0.614531E-02  0.410424E-03  0.812638E-02  0.183980E-02
  38     4  0.776545E+01  0.465871E+00  0.266172E+00  0.183377E-02  0.197866E+00  0.327883E+01  0.196705E+00  0.114018E+00  0.536210E-01  0.120996E-01  0.424042E-03  0.143960E-01  0.214638E-02
  38     5  0.902997E+01  0.563107E+00  0.323866E+00  0.166110E-02  0.237580E+00  0.391076E+01  0.246445E+00  0.143326E+00  0.676287E-01  0.159652E-01  0.248498E-03  0.175973E-01  0.167912E-02
  38     6  0.111567E+02  0.605303E+00  0.350139E+00  0.109724E-02  0.254067E+00  0.492182E+01  0.268195E+00  0.156374E+00  0.739417E-01  0.179181E-01  0.100053E-03  0.188661E-01  0.995095E-03
  38     7  0.119844E+02  0.618081E+00  0.359244E+00  0.575854E-03  0.258261E+00  0.534093E+01  0.275359E+00  0.160853E+00  0.761522E-01  0.186882E-01  0.278247E-04  0.191640E-01  0.473910E-03
  38     8  0.122530E+02  0.621882E+00  0.361978E+00  0.259441E-03  0.259645E+00  0.547618E+01  0.277214E+00  0.162050E+00  0.767666E-01  0.189470E-01  0.602937E-05  0.192460E-01  0.198230E-03
  38     9  0.123403E+02  0.623633E+00  0.363165E+00  0.106661E-03  0.260361E+00  0.552469E+01  0.277932E+00  0.162563E+00  0.769908E-01  0.190415E-01  0.113822E-05  0.192579E-01  0.775985E-04
  38    10  0.123923E+02  0.624012E+00  0.363741E+00  0.416635E-04  0.260229E+00  0.554359E+01  0.278408E+00  0.162805E+00  0.772110E-01  0.190715E-01  0.198421E-06  0.192910E-01  0.293959E-04
  39     1  0.198863E-01  0.101069E-02  0.530736E-03  0.491288E-05  0.475044E-03  0.765820E-02  0.389329E-03  0.211311E-03  0.114089E-03  0.212943E-04  0.269101E-05  0.331017E-04  0.684190E-05
  39     2  0.110885E+01  0.698547E-01  0.384940E-01  0.279210E-03  0.310815E-01  0.382522E+00  0.239655E-01  0.135188E-01  0.663553E-02  0.129428E-02  0.135265E-03  0.190038E-02  0.481240E-03
  39     3  0.511939E+01  0.302952E+00  0.172513E+00  0.117403E-02  0.129265E+00  0.183605E+01  0.108857E+00  0.630565E-01  0.292476E-01  0.614272E-02  0.415677E-03  0.813345E-02  0.186094E-02
  39     4  0.775843E+01  0.473455E+00  0.270642E+00  0.187076E-02  0.200942E+00  0.327560E+01  0.199699E+00  0.115747E+00  0.544269E-01  0.122690E-01  0.436970E-03  0.146204E-01  0.219900E-02
  39     5  0.896836E+01  0.574378E+00  0.330395E+00  0.170982E-02  0.242274E+00  0.388388E+01  0.251625E+00  0.146336E+00  0.690244E-01  0.162854E-01  0.258601E-03  0.179867E-01  0.173450E-02
  39     6  0.111250E+02  0.619108E+00  0.358156E+00  0.113665E-02  0.259816E+00  0.490311E+01  0.274307E+00  0.159932E+00  0.756062E-01  0.183278E-01  0.105004E-03  0.193031E-01  0.103334E-02
  39     7  0.119730E+02  0.632032E+00  0.367101E+00  0.599431E-03  0.264331E+00  0.533427E+01  0.281678E+00  0.164665E+00  0.777839E-01  0.191077E-01  0.294271E-04  0.195987E-01  0.493930E-03
  39     8  0.122450E+02  0.636568E+00  0.370653E+00  0.270634E-03  0.265645E+00  0.547284E+01  0.283704E+00  0.166017E+00  0.783999E-01  0.193930E-01  0.640321E-05  0.196813E-01  0.207020E-03
  39     9  0.123302E+02  0.637900E+00  0.371896E+00  0.111448E-03  0.265893E+00  0.552221E+01  0.284472E+00  0.166428E+00  0.787747E-01  0.194848E-01  0.121169E-05  0.197030E-01  0.811401E-04
  39    10  0.123827E+02  0.638877E+00  0.372681E+00  0.435548E-04  0.266152E+00  0.554023E+01  0.284745E+00  0.166503E+00  0.789337E-01  0.195459E-01  0.211552E-06  0.197316E-01  0.307306E-04
  40     1  0.171871E-01  0.892157E-03  0.468713E-03  0.432467E-05  0.419120E-03  0.666640E-02  0.342281E-03  0.185809E-03  0.100232E-03  0.187374E-04  0.237557E-05  0.291408E-04  0.598553E-05
  40     2  0.104953E+01  0.676344E-01  0.371978E-01  0.271594E-03  0.301650E-01  0.362969E+00  0.232073E-01  0.130823E-01  0.643009E-02  0.125345E-02  0.131964E-03  0.184457E-02  0.464927E-03
  40     3  0.502879E+01  0.304745E+00  0.173515E+00  0.117755E-02  0.130053E+00  0.179038E+01  0.109043E+00  0.631708E-01  0.292763E-01  0.613808E-02  0.420762E-03  0.815709E-02  0.188029E-02
  40     4  0.775883E+01  0.481334E+00  0.275093E+00  0.190803E-02  0.204332E+00  0.326750E+01  0.202559E+00  0.117404E+00  0.551938E-01  0.124159E-01  0.449853E-03  0.148432E-01  0.225279E-02
  40     5  0.891590E+01  0.585848E+00  0.336998E+00  0.176016E-02  0.247089E+00  0.385825E+01  0.256150E+00  0.148904E+00  0.702871E-01  0.165805E-01  0.268743E-03  0.183208E-01  0.178841E-02
  40     6  0.110922E+02  0.632193E+00  0.365939E+00  0.117677E-02  0.265077E+00  0.488790E+01  0.280244E+00  0.163347E+00  0.773054E-01  0.187088E-01  0.110074E-03  0.197004E-01  0.107255E-02
  40     7  0.119588E+02  0.646514E+00  0.375478E+00  0.622836E-03  0.270412E+00  0.533019E+01  0.288091E+00  0.168379E+00  0.795355E-01  0.195566E-01  0.310625E-04  0.200739E-01  0.514606E-03
  40     8  0.122434E+02  0.650575E+00  0.378931E+00  0.282201E-03  0.271362E+00  0.547420E+01  0.290062E+00  0.169648E+00  0.802418E-01  0.198125E-01  0.679621E-05  0.201369E-01  0.216224E-03
  40     9  0.123491E+02  0.652375E+00  0.380203E+00  0.116440E-03  0.272056E+00  0.552562E+01  0.291088E+00  0.170252E+00  0.806372E-01  0.199463E-01  0.128890E-05  0.201657E-01  0.847511E-04
  40    10  0.123786E+02  0.653272E+00  0.380887E+00  0.455113E-04  0.272339E+00  0.554141E+01  0.291376E+00  0.170481E+00  0.807006E-01  0.199719E-01  0.225192E-06  0.201898E-01  0.321464E-04
  41     1  0.149184E-01  0.782211E-03  0.410205E-03  0.381150E-05  0.368195E-03  0.576574E-02  0.300156E-03  0.162935E-03  0.877904E-04  0.164275E-04  0.208496E-05  0.256500E-04  0.526813E-05
  41     2  0.993301E+00  0.653109E-01  0.358761E-01  0.263610E-03  0.291712E-01  0.344404E+00  0.225060E-01  0.126687E-01  0.624977E-02  0.121602E-02  0.128639E-03  0.179278E-02  0.450084E-03
  41     3  0.492812E+01  0.306268E+00  0.174332E+00  0.117982E-02  0.130756E+00  0.174750E+01  0.109054E+00  0.631555E-01  0.292787E-01  0.613645E-02  0.425139E-03  0.816103E-02  0.189688E-02
  41     4  0.774809E+01  0.488892E+00  0.279370E+00  0.194329E-02  0.207580E+00  0.325901E+01  0.205378E+00  0.118974E+00  0.559913E-01  0.125829E-01  0.462519E-03  0.150598E-01  0.230738E-02
  41     5  0.885835E+01  0.596956E+00  0.343106E+00  0.180926E-02  0.252040E+00  0.383124E+01  0.261033E+00  0.151700E+00  0.716453E-01  0.168764E-01  0.278943E-03  0.186882E-01  0.184405E-02
  41     6  0.110604E+02  0.645359E+00  0.373298E+00  0.121608E-02  0.270845E+00  0.487355E+01  0.286163E+00  0.166897E+00  0.788439E-01  0.190870E-01  0.115208E-03  0.201079E-01  0.111140E-02
  41     7  0.119446E+02  0.660712E+00  0.384063E+00  0.646845E-03  0.276003E+00  0.532669E+01  0.294203E+00  0.171909E+00  0.812738E-01  0.199520E-01  0.327620E-04  0.205004E-01  0.535235E-03
  41     8  0.122354E+02  0.665439E+00  0.387651E+00  0.293796E-03  0.277495E+00  0.547346E+01  0.296548E+00  0.173384E+00  0.820748E-01  0.202592E-01  0.718992E-05  0.205972E-01  0.225420E-03
  41     9  0.123467E+02  0.667386E+00  0.388879E+00  0.121423E-03  0.278386E+00  0.551987E+01  0.297283E+00  0.173849E+00  0.823674E-01  0.203724E-01  0.136722E-05  0.206044E-01  0.885211E-04
  41    10  0.123877E+02  0.667196E+00  0.388841E+00  0.475451E-04  0.278307E+00  0.553961E+01  0.297992E+00  0.174370E+00  0.825595E-01  0.204273E-01  0.239232E-06  0.206009E-01  0.335645E-04
  42     1  0.129286E-01  0.685867E-03  0.359130E-03  0.333676E-05  0.323400E-03  0.500875E-02  0.263598E-03  0.142863E-03  0.773292E-04  0.144158E-04  0.183914E-05  0.225254E-04  0.462490E-05
  42     2  0.941860E+00  0.630566E-01  0.346206E-01  0.255851E-03  0.281802E-01  0.326886E+00  0.218066E-01  0.122718E-01  0.605930E-02  0.117715E-02  0.125364E-03  0.173833E-02  0.434588E-03
  42     3  0.483582E+01  0.307533E+00  0.175012E+00  0.118290E-02  0.131338E+00  0.170466E+01  0.109138E+00  0.631690E-01  0.293286E-01  0.612304E-02  0.429897E-03  0.817445E-02  0.191321E-02
  42     4  0.773690E+01  0.496198E+00  0.283521E+00  0.197923E-02  0.210698E+00  0.325442E+01  0.208231E+00  0.120712E+00  0.566778E-01  0.127273E-01  0.475369E-03  0.152792E-01  0.235971E-02
  42     5  0.879857E+01  0.608593E+00  0.349777E+00  0.185862E-02  0.256957E+00  0.380764E+01  0.265943E+00  0.154519E+00  0.730074E-01  0.171821E-01  0.289263E-03  0.190458E-01  0.189952E-02
  42     6  0.110246E+02  0.659127E+00  0.381222E+00  0.125760E-02  0.276647E+00  0.485458E+01  0.292148E+00  0.170340E+00  0.805007E-01  0.194784E-01  0.120444E-03  0.205576E-01  0.115091E-02
  42     7  0.119399E+02  0.674730E+00  0.391991E+00  0.671389E-03  0.282067E+00  0.531886E+01  0.300414E+00  0.175507E+00  0.829989E-01  0.203877E-01  0.345010E-04  0.209299E-01  0.556580E-03
  42     8  0.122268E+02  0.679199E+00  0.395343E+00  0.305796E-03  0.283550E+00  0.547204E+01  0.303163E+00  0.177409E+00  0.837714E-01  0.207012E-01  0.760113E-05  0.210383E-01  0.234924E-03
  42     9  0.123446E+02  0.681621E+00  0.397271E+00  0.126608E-03  0.284223E+00  0.552152E+01  0.303845E+00  0.177768E+00  0.841071E-01  0.208239E-01  0.144944E-05  0.210513E-01  0.923547E-04
  42    10  0.123870E+02  0.681671E+00  0.397162E+00  0.495295E-04  0.284459E+00  0.554144E+01  0.304184E+00  0.177945E+00  0.842983E-01  0.208144E-01  0.253907E-06  0.210918E-01  0.350186E-04
  43     1  0.112389E-01  0.601249E-03  0.316104E-03  0.294064E-05  0.282204E-03  0.435176E-02  0.231566E-03  0.125420E-03  0.680305E-04  0.126807E-04  0.161696E-05  0.197732E-04  0.404413E-05
  43     2  0.891968E+00  0.609587E-01  0.334001E-01  0.248320E-03  0.273102E-01  0.311148E+00  0.211011E-01  0.118538E-01  0.588150E-02  0.113829E-02  0.122126E-03  0.168530E-02  0.420083E-03
  43     3  0.474377E+01  0.308989E+00  0.175878E+00  0.118474E-02  0.131927E+00  0.166619E+01  0.109100E+00  0.631644E-01  0.292848E-01  0.611436E-02  0.434015E-03  0.817199E-02  0.193054E-02
  43     4  0.773310E+01  0.503628E+00  0.287843E+00  0.201428E-02  0.213771E+00  0.323857E+01  0.210857E+00  0.122190E+00  0.574150E-01  0.128662E-01  0.487951E-03  0.154860E-01  0.241216E-02
  43     5  0.874640E+01  0.619762E+00  0.356176E+00  0.190760E-02  0.261679E+00  0.378325E+01  0.270445E+00  0.157058E+00  0.742760E-01  0.174750E-01  0.299791E-03  0.193821E-01  0.195407E-02
  43     6  0.109976E+02  0.672733E+00  0.388993E+00  0.129838E-02  0.282442E+00  0.484187E+01  0.298031E+00  0.173797E+00  0.820684E-01  0.198716E-01  0.125772E-03  0.209780E-01  0.119104E-02
  43     7  0.119308E+02  0.688690E+00  0.399961E+00  0.696003E-03  0.288033E+00  0.531420E+01  0.307029E+00  0.179426E+00  0.848254E-01  0.207986E-01  0.362926E-04  0.213638E-01  0.578268E-03
  43     8  0.122253E+02  0.693647E+00  0.403670E+00  0.317988E-03  0.289658E+00  0.546792E+01  0.309368E+00  0.180907E+00  0.855914E-01  0.211295E-01  0.803476E-05  0.214875E-01  0.244490E-03
  43     9  0.123403E+02  0.696262E+00  0.405542E+00  0.131713E-03  0.290588E+00  0.552166E+01  0.310507E+00  0.181655E+00  0.859824E-01  0.212537E-01  0.153355E-05  0.215189E-01  0.961550E-04
  43    10  0.123784E+02  0.696416E+00  0.405875E+00  0.516785E-04  0.290489E+00  0.553778E+01  0.310586E+00  0.181728E+00  0.860053E-01  0.212852E-01  0.269221E-06  0.215305E-01  0.365052E-04
  44     1  0.970136E-02  0.526828E-03  0.275767E-03  0.257963E-05  0.248481E-03  0.376578E-02  0.203796E-03  0.110308E-03  0.599539E-04  0.111326E-04  0.142634E-05  0.174222E-04  0.355343E-05
  44     2  0.844615E+00  0.587955E-01  0.322005E-01  0.240589E-03  0.263543E-01  0.295275E+00  0.204274E-01  0.114710E-01  0.569276E-02  0.110280E-02  0.118929E-03  0.163676E-02  0.405142E-03
  44     3  0.465097E+01  0.309798E+00  0.176295E+00  0.118605E-02  0.132317E+00  0.162666E+01  0.109143E+00  0.632034E-01  0.292753E-01  0.610076E-02  0.437896E-03  0.818156E-02  0.194385E-02
  44     4  0.770995E+01  0.510999E+00  0.291858E+00  0.204753E-02  0.217093E+00  0.323302E+01  0.213509E+00  0.123682E+00  0.581703E-01  0.130146E-01  0.500725E-03  0.156772E-01  0.246402E-02
  44     5  0.870207E+01  0.631155E+00  0.362675E+00  0.195711E-02  0.266523E+00  0.375978E+01  0.275481E+00  0.160083E+00  0.755615E-01  0.177623E-01  0.310352E-03  0.197534E-01  0.201082E-02
  44     6  0.109592E+02  0.686282E+00  0.396860E+00  0.133892E-02  0.288083E+00  0.482623E+01  0.303895E+00  0.177170E+00  0.837373E-01  0.202321E-01  0.131272E-03  0.213932E-01  0.123169E-02
  44     7  0.119171E+02  0.703143E+00  0.408454E+00  0.720964E-03  0.293969E+00  0.530723E+01  0.313071E+00  0.182918E+00  0.864958E-01  0.212105E-01  0.381287E-04  0.218084E-01  0.600023E-03
  44     8  0.122287E+02  0.708146E+00  0.412135E+00  0.330156E-03  0.295681E+00  0.546471E+01  0.315883E+00  0.184693E+00  0.874378E-01  0.215782E-01  0.847736E-05  0.219120E-01  0.254174E-03
  44     9  0.123423E+02  0.710307E+00  0.414023E+00  0.137097E-03  0.296146E+00  0.551831E+01  0.316928E+00  0.185463E+00  0.877065E-01  0.216899E-01  0.162258E-05  0.219670E-01  0.100208E-03
  44    10  0.123864E+02  0.711278E+00  0.414887E+00  0.537598E-04  0.296337E+00  0.554242E+01  0.317136E+00  0.185493E+00  0.878712E-01  0.217643E-01  0.285012E-06  0.219699E-01  0.380553E-04
  45     1  0.841045E-02  0.461621E-03  0.241925E-03  0.227299E-05  0.217422E-03  0.325483E-02  0.178375E-03  0.966234E-04  0.523862E-04  0.974865E-05  0.125906E-05  0.152538E-04  0.310404E-05
  45     2  0.799704E+00  0.567718E-01  0.310751E-01  0.233037E-03  0.254637E-01  0.280314E+00  0.197406E-01  0.110668E-01  0.551125E-02  0.106912E-02  0.115878E-03  0.158640E-02  0.391129E-03
  45     3  0.456164E+01  0.310594E+00  0.176632E+00  0.118735E-02  0.132774E+00  0.159052E+01  0.109120E+00  0.631337E-01  0.293222E-01  0.608134E-02  0.441949E-03  0.818403E-02  0.195633E-02
  45     4  0.769757E+01  0.518148E+00  0.295957E+00  0.208194E-02  0.220109E+00  0.322239E+01  0.216154E+00  0.125291E+00  0.588251E-01  0.131498E-01  0.513195E-03  0.158588E-01  0.251662E-02
  45     5  0.864781E+01  0.642206E+00  0.369025E+00  0.200579E-02  0.271175E+00  0.373579E+01  0.280328E+00  0.162908E+00  0.768912E-01  0.180512E-01  0.321031E-03  0.200909E-01  0.206544E-02
  45     6  0.109277E+02  0.699733E+00  0.404746E+00  0.138111E-02  0.293606E+00  0.480928E+01  0.309665E+00  0.180563E+00  0.852630E-01  0.206287E-01  0.136841E-03  0.218007E-01  0.127257E-02
  45     7  0.119093E+02  0.716994E+00  0.416187E+00  0.746881E-03  0.300060E+00  0.530418E+01  0.319136E+00  0.186457E+00  0.881488E-01  0.216413E-01  0.400193E-04  0.222263E-01  0.622425E-03
  45     8  0.122287E+02  0.722831E+00  0.420814E+00  0.342516E-03  0.301674E+00  0.546432E+01  0.322261E+00  0.188448E+00  0.891619E-01  0.220282E-01  0.892793E-05  0.223496E-01  0.264281E-03
  45     9  0.123287E+02  0.724777E+00  0.422438E+00  0.142378E-03  0.302197E+00  0.551656E+01  0.323352E+00  0.189208E+00  0.895163E-01  0.221135E-01  0.171296E-05  0.224079E-01  0.104258E-03
  45    10  0.123933E+02  0.725631E+00  0.422896E+00  0.559172E-04  0.302679E+00  0.554288E+01  0.323456E+00  0.189227E+00  0.895678E-01  0.222039E-01  0.301476E-06  0.224177E-01  0.396047E-04
  46     1  0.727893E-02  0.403812E-03  0.210941E-03  0.199069E-05  0.190880E-03  0.282071E-02  0.156932E-03  0.849508E-04  0.462075E-04  0.854841E-05  0.109777E-05  0.134148E-04  0.271305E-05
  46     2  0.757624E+00  0.547214E-01  0.299251E-01  0.225534E-03  0.245708E-01  0.266311E+00  0.190871E-01  0.106908E-01  0.533967E-02  0.103197E-02  0.112487E-03  0.153531E-02  0.376937E-03
  46     3  0.447035E+01  0.311506E+00  0.177031E+00  0.118902E-02  0.133286E+00  0.155428E+01  0.108943E+00  0.630440E-01  0.292421E-01  0.606932E-02  0.445121E-03  0.817677E-02  0.196617E-02
  46     4  0.768573E+01  0.524985E+00  0.299854E+00  0.211492E-02  0.223017E+00  0.320733E+01  0.218673E+00  0.126724E+00  0.595000E-01  0.132894E-01  0.525788E-03  0.160656E-01  0.256895E-02
  46     5  0.860709E+01  0.653136E+00  0.375196E+00  0.205555E-02  0.275885E+00  0.371392E+01  0.285103E+00  0.165715E+00  0.781601E-01  0.183362E-01  0.331835E-03  0.204372E-01  0.212193E-02
  46     6  0.108950E+02  0.712782E+00  0.412191E+00  0.142316E-02  0.299168E+00  0.479327E+01  0.315445E+00  0.183841E+00  0.869215E-01  0.210101E-01  0.142432E-03  0.222159E-01  0.131388E-02
  46     7  0.118978E+02  0.731865E+00  0.425023E+00  0.772401E-03  0.306070E+00  0.529865E+01  0.325717E+00  0.190375E+00  0.899017E-01  0.220674E-01  0.419620E-04  0.226858E-01  0.644967E-03
  46     8  0.122145E+02  0.736935E+00  0.429054E+00  0.355177E-03  0.307525E+00  0.546246E+01  0.328937E+00  0.192421E+00  0.909752E-01  0.224285E-01  0.940268E-05  0.228285E-01  0.274277E-03
  46     9  0.123311E+02  0.739448E+00  0.430973E+00  0.148003E-03  0.308327E+00  0.551970E+01  0.329728E+00  0.193025E+00  0.911932E-01  0.225497E-01  0.180789E-05  0.228502E-01  0.108296E-03
  46    10  0.123856E+02  0.739768E+00  0.431341E+00  0.581376E-04  0.308369E+00  0.553651E+01  0.330024E+00  0.193120E+00  0.913454E-01  0.226384E-01  0.318432E-06  0.228784E-01  0.411928E-04
  47     1  0.630232E-02  0.354253E-03  0.185430E-03  0.174151E-05  0.167081E-03  0.244851E-02  0.136927E-03  0.738869E-04  0.404534E-04  0.750002E-05  0.967226E-06  0.117360E-04  0.238306E-05
  47     2  0.716702E+00  0.527682E-01  0.288152E-01  0.218739E-03  0.237343E-01  0.253326E+00  0.184411E-01  0.103216E-01  0.516560E-02  0.997309E-03  0.109223E-03  0.148358E-02  0.363808E-03
  47     3  0.438415E+01  0.312111E+00  0.177322E+00  0.118916E-02  0.133600E+00  0.151986E+01  0.108802E+00  0.629660E-01  0.291878E-01  0.605195E-02  0.448254E-03  0.817115E-02  0.197722E-02
  47     4  0.766810E+01  0.532325E+00  0.304190E+00  0.214684E-02  0.225988E+00  0.319161E+01  0.221249E+00  0.128224E+00  0.601863E-01  0.134177E-01  0.538234E-03  0.162630E-01  0.262043E-02
  47     5  0.855709E+01  0.664236E+00  0.381440E+00  0.210440E-02  0.280692E+00  0.369397E+01  0.289610E+00  0.168325E+00  0.793584E-01  0.186293E-01  0.342739E-03  0.207770E-01  0.217755E-02
  47     6  0.108625E+02  0.725682E+00  0.419443E+00  0.146527E-02  0.304774E+00  0.477590E+01  0.321327E+00  0.187336E+00  0.884830E-01  0.213676E-01  0.148245E-03  0.226369E-01  0.135519E-02
  47     7  0.118871E+02  0.745180E+00  0.432668E+00  0.798139E-03  0.311714E+00  0.529364E+01  0.331997E+00  0.193923E+00  0.917133E-01  0.224903E-01  0.439516E-04  0.231581E-01  0.668147E-03
  47     8  0.122183E+02  0.751641E+00  0.437473E+00  0.368419E-03  0.313800E+00  0.545967E+01  0.334859E+00  0.195724E+00  0.926984E-01  0.228824E-01  0.988258E-05  0.232599E-01  0.284707E-03
  47     9  0.123297E+02  0.753639E+00  0.439095E+00  0.153563E-03  0.314390E+00  0.552039E+01  0.336141E+00  0.196657E+00  0.930832E-01  0.229979E-01  0.190441E-05  0.232880E-01  0.112445E-03
  47    10  0.123784E+02  0.754301E+00  0.439623E+00  0.604294E-04  0.314617E+00  0.553375E+01  0.336629E+00  0.197039E+00  0.931360E-01  0.231009E-01  0.335791E-06  0.233101E-01  0.427682E-04
  48     1  0.544729E-02  0.310175E-03  0.161817E-03  0.152670E-05  0.146831E-03  0.212599E-02  0.119804E-03  0.648651E-04  0.352211E-04  0.655564E-05  0.846363E-06  0.102378E-04  0.207811E-05
  48     2  0.679153E+00  0.508628E-01  0.277339E-01  0.211335E-03  0.229175E-01  0.240136E+00  0.178245E-01  0.996409E-02  0.500284E-02  0.965164E-03  0.106140E-03  0.143601E-02  0.350279E-03
  48     3  0.429316E+01  0.312296E+00  0.177528E+00  0.118754E-02  0.133581E+00  0.148368E+01  0.108624E+00  0.628221E-01  0.291557E-01  0.603719E-02  0.451597E-03  0.817049E-02  0.198677E-02
  48     4  0.764513E+01  0.539249E+00  0.307830E+00  0.217880E-02  0.229240E+00  0.317879E+01  0.223533E+00  0.129533E+00  0.607680E-01  0.135533E-01  0.550640E-03  0.164561E-01  0.267152E-02
  48     5  0.851922E+01  0.675344E+00  0.387937E+00  0.215421E-02  0.285252E+00  0.367284E+01  0.294109E+00  0.170848E+00  0.806741E-01  0.188938E-01  0.353574E-03  0.211060E-01  0.223287E-02
  48     6  0.108280E+02  0.739500E+00  0.427264E+00  0.150718E-02  0.310729E+00  0.475985E+01  0.327125E+00  0.190649E+00  0.901198E-01  0.217372E-01  0.154060E-03  0.230681E-01  0.139708E-02
  48     7  0.118803E+02  0.759635E+00  0.440962E+00  0.824547E-03  0.317849E+00  0.528698E+01  0.338218E+00  0.197538E+00  0.934542E-01  0.229105E-01  0.459649E-04  0.235780E-01  0.691196E-03
  48     8  0.122100E+02  0.765816E+00  0.445722E+00  0.381130E-03  0.319713E+00  0.545973E+01  0.341429E+00  0.199653E+00  0.944948E-01  0.232978E-01  0.103848E-04  0.236778E-01  0.295130E-03
  48     9  0.123261E+02  0.768259E+00  0.447383E+00  0.159072E-03  0.320717E+00  0.551733E+01  0.342347E+00  0.200147E+00  0.948808E-01  0.234628E-01  0.200430E-05  0.237369E-01  0.116825E-03
  48    10  0.123848E+02  0.768977E+00  0.448282E+00  0.626636E-04  0.320632E+00  0.554020E+01  0.343126E+00  0.200695E+00  0.950978E-01  0.235152E-01  0.353929E-06  0.237732E-01  0.444281E-04
  49     1  0.473273E-02  0.271612E-03  0.142121E-03  0.133955E-05  0.128152E-03  0.183725E-02  0.105129E-03  0.568948E-04  0.309488E-04  0.574106E-05  0.741686E-06  0.897608E-05  0.182654E-05
  49     2  0.643586E+00  0.489954E-01  0.266614E-01  0.204642E-03  0.221293E-01  0.228447E+00  0.172107E-01  0.960951E-02  0.483626E-02  0.932817E-03  0.103102E-03  0.139117E-02  0.337837E-03
  49     3  0.421103E+01  0.312877E+00  0.177695E+00  0.118760E-02  0.133994E+00  0.144980E+01  0.108430E+00  0.627048E-01  0.291056E-01  0.601801E-02  0.454190E-03  0.815163E-02  0.199539E-02
  49     4  0.761693E+01  0.546070E+00  0.311861E+00  0.220773E-02  0.232001E+00  0.316368E+01  0.226018E+00  0.130995E+00  0.614366E-01  0.136773E-01  0.562764E-03  0.166273E-01  0.271985E-02
  49     5  0.846845E+01  0.686314E+00  0.394241E+00  0.220213E-02  0.289871E+00  0.365280E+01  0.299114E+00  0.173855E+00  0.819524E-01  0.191958E-01  0.364742E-03  0.214561E-01  0.229035E-02
  49     6  0.107980E+02  0.753025E+00  0.435194E+00  0.154941E-02  0.316282E+00  0.474377E+01  0.333103E+00  0.194147E+00  0.917222E-01  0.221444E-01  0.160016E-03  0.234894E-01  0.143976E-02
  49     7  0.118624E+02  0.773681E+00  0.449204E+00  0.851347E-03  0.323626E+00  0.528103E+01  0.344629E+00  0.201431E+00  0.950961E-01  0.233061E-01  0.480526E-04  0.240332E-01  0.714845E-03
  49     8  0.122041E+02  0.779979E+00  0.453986E+00  0.394310E-03  0.325599E+00  0.545450E+01  0.348037E+00  0.203635E+00  0.961695E-01  0.237643E-01  0.108883E-04  0.241509E-01  0.305725E-03
  49     9  0.123236E+02  0.782004E+00  0.455438E+00  0.164928E-03  0.326402E+00  0.551516E+01  0.349044E+00  0.204178E+00  0.966553E-01  0.239155E-01  0.210839E-05  0.241715E-01  0.121114E-03
  49    10  0.123847E+02  0.783278E+00  0.456610E+00  0.649922E-04  0.326602E+00  0.553914E+01  0.349436E+00  0.204353E+00  0.968323E-01  0.239800E-01  0.373072E-06  0.242242E-01  0.460911E-04
  50     1  0.408884E-02  0.237016E-03  0.124061E-03  0.117586E-05  0.111779E-03  0.158248E-02  0.920089E-04  0.498992E-04  0.269770E-04  0.503068E-05  0.650639E-06  0.785291E-05  0.159845E-05
  50     2  0.609516E+00  0.471893E-01  0.256494E-01  0.197874E-03  0.213421E-01  0.217035E+00  0.166316E-01  0.929231E-02  0.467213E-02  0.898467E-03  0.100072E-03  0.134376E-02  0.324886E-03
  50     3  0.412776E+01  0.312976E+00  0.177634E+00  0.118680E-02  0.134156E+00  0.141581E+01  0.108105E+00  0.624726E-01  0.290361E-01  0.599306E-02  0.457144E-03  0.814421E-02  0.200151E-02
  50     4  0.760314E+01  0.553047E+00  0.315830E+00  0.223919E-02  0.234977E+00  0.315121E+01  0.228372E+00  0.132366E+00  0.620554E-01  0.137870E-01  0.575114E-03  0.168185E-01  0.276975E-02
  50     5  0.842811E+01  0.696702E+00  0.400090E+00  0.225273E-02  0.294359E+00  0.363347E+01  0.303343E+00  0.176202E+00  0.831429E-01  0.194650E-01  0.375892E-03  0.218106E-01  0.234653E-02
  50     6  0.107581E+02  0.765522E+00  0.442330E+00  0.159233E-02  0.321600E+00  0.472910E+01  0.338776E+00  0.197355E+00  0.933624E-01  0.225229E-01  0.166027E-03  0.238875E-01  0.148251E-02
  50     7  0.118548E+02  0.788347E+00  0.457580E+00  0.878156E-03  0.329888E+00  0.527682E+01  0.350998E+00  0.205109E+00  0.968606E-01  0.237606E-01  0.501945E-04  0.244786E-01  0.738511E-03
  50     8  0.122098E+02  0.794269E+00  0.462273E+00  0.408081E-03  0.331588E+00  0.545429E+01  0.354140E+00  0.207103E+00  0.979448E-01  0.241826E-01  0.114241E-04  0.245813E-01  0.316771E-03
  50     9  0.123332E+02  0.797086E+00  0.464411E+00  0.170975E-03  0.332504E+00  0.551889E+01  0.355548E+00  0.207958E+00  0.984531E-01  0.243639E-01  0.221627E-05  0.246457E-01  0.125438E-03
  50    10  0.123747E+02  0.798224E+00  0.465440E+00  0.673510E-04  0.332716E+00  0.553803E+01  0.356194E+00  0.208433E+00  0.986254E-01  0.244167E-01  0.392533E-06  0.246703E-01  0.478187E-04
