   1     1  0.172831E-06  0.867342E-07  0.860966E-07  0.149655E-04
   1     2  0.711886E-06  0.357422E-06  0.354463E-06  0.718696E-04
   1     3  0.268548E-04  0.134797E-04  0.133751E-04  0.313796E-02
   1     4  0.189279E-02  0.947139E-03  0.945656E-03  0.245805E+00
   1     5  0.164502E-01  0.784175E-02  0.860847E-02  0.226199E+01
   1     6  0.317818E-01  0.139840E-01  0.177978E-01  0.447104E+01
   1     7  0.372651E-01  0.157502E-01  0.215149E-01  0.529816E+01
   1     8  0.385737E-01  0.160871E-01  0.224866E-01  0.550213E+01
   1     9  0.388022E-01  0.161446E-01  0.226576E-01  0.554784E+01
   1    10  0.388484E-01  0.161397E-01  0.227087E-01  0.555728E+01
   2     1  0.159743E-05  0.805819E-06  0.791615E-06  0.113609E-03
   2     2  0.494514E-05  0.248913E-05  0.245600E-05  0.406891E-03
   2     3  0.102645E-03  0.517170E-04  0.509276E-04  0.988222E-02
   2     4  0.370641E-02  0.185189E-02  0.185452E-02  0.404486E+00
   2     5  0.224645E-01  0.105854E-01  0.118791E-01  0.262544E+01
   2     6  0.385508E-01  0.168376E-01  0.217132E-01  0.463418E+01
   2     7  0.438029E-01  0.184673E-01  0.253356E-01  0.532913E+01
   2     8  0.450663E-01  0.187804E-01  0.262859E-01  0.550507E+01
   2     9  0.453017E-01  0.188395E-01  0.264622E-01  0.555064E+01
   2    10  0.453697E-01  0.188216E-01  0.265481E-01  0.555979E+01
   3     1  0.835828E-05  0.422550E-05  0.413279E-05  0.502721E-03
   3     2  0.210615E-04  0.106020E-04  0.104595E-04  0.144079E-02
   3     3  0.278991E-03  0.140458E-03  0.138533E-03  0.227327E-01
   3     4  0.614984E-02  0.306314E-02  0.308670E-02  0.575251E+00
   3     5  0.287159E-01  0.133955E-01  0.153204E-01  0.291018E+01
   3     6  0.452117E-01  0.196555E-01  0.255562E-01  0.474272E+01
   3     7  0.503644E-01  0.211917E-01  0.291727E-01  0.535676E+01
   3     8  0.515298E-01  0.214606E-01  0.300692E-01  0.550985E+01
   3     9  0.517847E-01  0.215072E-01  0.302775E-01  0.554491E+01
   3    10  0.518070E-01  0.215281E-01  0.302789E-01  0.555518E+01
   4     1  0.298318E-04  0.150499E-04  0.147820E-04  0.154502E-02
   4     2  0.643187E-04  0.325550E-04  0.317637E-04  0.377412E-02
   4     3  0.606805E-03  0.306334E-03  0.300471E-03  0.423877E-01
   4     4  0.913554E-02  0.453557E-02  0.459996E-02  0.744339E+00
   4     5  0.349879E-01  0.161693E-01  0.188187E-01  0.313040E+01
   4     6  0.517829E-01  0.223711E-01  0.294118E-01  0.481978E+01
   4     7  0.568108E-01  0.238617E-01  0.329491E-01  0.537287E+01
   4     8  0.580014E-01  0.241379E-01  0.338635E-01  0.551489E+01
   4     9  0.582610E-01  0.242249E-01  0.340360E-01  0.554645E+01
   4    10  0.582980E-01  0.241984E-01  0.340996E-01  0.555642E+01
   5     1  0.817056E-04  0.413361E-04  0.403694E-04  0.371588E-02
   5     2  0.156491E-03  0.790522E-04  0.774391E-04  0.797236E-02
   5     3  0.112626E-02  0.567792E-03  0.558466E-03  0.686234E-01
   5     4  0.125800E-01  0.622087E-02  0.635917E-02  0.902126E+00
   5     5  0.413280E-01  0.189671E-01  0.223610E-01  0.329938E+01
   5     6  0.583560E-01  0.251377E-01  0.332183E-01  0.487065E+01
   5     7  0.633523E-01  0.265643E-01  0.367880E-01  0.537634E+01
   5     8  0.645025E-01  0.268325E-01  0.376700E-01  0.550888E+01
   5     9  0.647092E-01  0.268755E-01  0.378336E-01  0.554333E+01
   5    10  0.647239E-01  0.268922E-01  0.378317E-01  0.555452E+01
   6     1  0.184348E-03  0.934904E-04  0.908578E-04  0.743805E-02
   6     2  0.322437E-03  0.163447E-03  0.158990E-03  0.144186E-01
   6     3  0.186159E-02  0.940483E-03  0.921105E-03  0.997635E-01
   6     4  0.163503E-01  0.805085E-02  0.829941E-02  0.104486E+01
   6     5  0.476547E-01  0.217164E-01  0.259383E-01  0.342523E+01
   6     6  0.648641E-01  0.278151E-01  0.370491E-01  0.491114E+01
   6     7  0.697573E-01  0.292441E-01  0.405132E-01  0.538473E+01
   6     8  0.709901E-01  0.295405E-01  0.414496E-01  0.551050E+01
   6     9  0.711936E-01  0.295944E-01  0.415991E-01  0.554369E+01
   6    10  0.712527E-01  0.296141E-01  0.416386E-01  0.555412E+01
   7     1  0.359578E-03  0.182399E-03  0.177180E-03  0.130586E-01
   7     2  0.585157E-03  0.296379E-03  0.288778E-03  0.232920E-01
   7     3  0.282486E-02  0.142671E-02  0.139814E-02  0.134915E+00
   7     4  0.203848E-01  0.999448E-02  0.103903E-01  0.116910E+01
   7     5  0.539072E-01  0.244566E-01  0.294507E-01  0.352316E+01
   7     6  0.713262E-01  0.305748E-01  0.407514E-01  0.493441E+01
   7     7  0.762508E-01  0.319111E-01  0.443397E-01  0.538739E+01
   7     8  0.773785E-01  0.322309E-01  0.451477E-01  0.550963E+01
   7     9  0.777299E-01  0.323055E-01  0.454244E-01  0.554524E+01
   7    10  0.777452E-01  0.322634E-01  0.454819E-01  0.555349E+01
   8     1  0.628964E-03  0.319304E-03  0.309659E-03  0.206675E-01
   8     2  0.964798E-03  0.488815E-03  0.475983E-03  0.345601E-01
   8     3  0.401951E-02  0.203174E-02  0.198777E-02  0.171965E+00
   8     4  0.245974E-01  0.120119E-01  0.125854E-01  0.127546E+01
   8     5  0.600334E-01  0.270889E-01  0.329445E-01  0.359110E+01
   8     6  0.777558E-01  0.332170E-01  0.445389E-01  0.495301E+01
   8     7  0.826389E-01  0.345917E-01  0.480473E-01  0.539197E+01
   8     8  0.838094E-01  0.348438E-01  0.489656E-01  0.551010E+01
   8     9  0.841547E-01  0.349990E-01  0.491556E-01  0.554279E+01
   8    10  0.842388E-01  0.349938E-01  0.492449E-01  0.555534E+01
   9     1  0.100772E-02  0.511513E-03  0.496211E-03  0.303707E-01
   9     2  0.147583E-02  0.750764E-03  0.725061E-03  0.479487E-01
   9     3  0.542648E-02  0.274289E-02  0.268359E-02  0.209809E+00
   9     4  0.289038E-01  0.140610E-01  0.148428E-01  0.136693E+01
   9     5  0.661474E-01  0.297049E-01  0.364425E-01  0.364412E+01
   9     6  0.840297E-01  0.358547E-01  0.481750E-01  0.496227E+01
   9     7  0.890971E-01  0.373026E-01  0.517945E-01  0.539396E+01
   9     8  0.904011E-01  0.376085E-01  0.527926E-01  0.550889E+01
   9     9  0.905625E-01  0.376558E-01  0.529067E-01  0.554683E+01
   9    10  0.906437E-01  0.376669E-01  0.529768E-01  0.555617E+01
  10     1  0.151062E-02  0.769577E-03  0.741042E-03  0.417526E-01
  10     2  0.212181E-02  0.107805E-02  0.104376E-02  0.632356E-01
  10     3  0.702196E-02  0.354939E-02  0.347257E-02  0.247820E+00
  10     4  0.333391E-01  0.161575E-01  0.171816E-01  0.144057E+01
  10     5  0.722034E-01  0.323496E-01  0.398538E-01  0.367905E+01
  10     6  0.904466E-01  0.385551E-01  0.518914E-01  0.496464E+01
  10     7  0.954869E-01  0.399272E-01  0.555597E-01  0.538465E+01
  10     8  0.967585E-01  0.402842E-01  0.564743E-01  0.550930E+01
  10     9  0.970302E-01  0.402906E-01  0.567396E-01  0.554534E+01
  10    10  0.971408E-01  0.403266E-01  0.568142E-01  0.555674E+01
  11     1  0.213552E-02  0.108720E-02  0.104832E-02  0.547712E-01
  11     2  0.291108E-02  0.148191E-02  0.142917E-02  0.797301E-01
  11     3  0.877694E-02  0.443207E-02  0.434487E-02  0.284395E+00
  11     4  0.377843E-01  0.182463E-01  0.195380E-01  0.150529E+01
  11     5  0.782636E-01  0.349654E-01  0.432982E-01  0.370620E+01
  11     6  0.967245E-01  0.412223E-01  0.555022E-01  0.497013E+01
  11     7  0.101942E+00  0.426180E-01  0.593239E-01  0.538567E+01
  11     8  0.103186E+00  0.428883E-01  0.602974E-01  0.550863E+01
  11     9  0.103515E+00  0.429800E-01  0.605353E-01  0.554252E+01
  11    10  0.103621E+00  0.430578E-01  0.605629E-01  0.555066E+01
  12     1  0.289409E-02  0.147726E-02  0.141684E-02  0.689701E-01
  12     2  0.383491E-02  0.195114E-02  0.188377E-02  0.971324E-01
  12     3  0.106917E-01  0.539754E-02  0.529413E-02  0.319481E+00
  12     4  0.422098E-01  0.202930E-01  0.219167E-01  0.155578E+01
  12     5  0.841410E-01  0.374701E-01  0.466709E-01  0.371842E+01
  12     6  0.103008E+00  0.437994E-01  0.592085E-01  0.496939E+01
  12     7  0.108324E+00  0.453144E-01  0.630097E-01  0.538327E+01
  12     8  0.109716E+00  0.456328E-01  0.640836E-01  0.550391E+01
  12     9  0.110068E+00  0.457356E-01  0.643326E-01  0.553873E+01
  12    10  0.110079E+00  0.456814E-01  0.643980E-01  0.555332E+01
  13     1  0.378007E-02  0.193018E-02  0.184989E-02  0.840184E-01
  13     2  0.488810E-02  0.249250E-02  0.239560E-02  0.115261E+00
  13     3  0.127459E-01  0.642636E-02  0.631957E-02  0.351960E+00
  13     4  0.466048E-01  0.223324E-01  0.242724E-01  0.159772E+01
  13     5  0.898451E-01  0.399358E-01  0.499093E-01  0.372417E+01
  13     6  0.109144E+00  0.464165E-01  0.627279E-01  0.496143E+01
  13     7  0.114753E+00  0.479980E-01  0.667553E-01  0.537917E+01
  13     8  0.116131E+00  0.482875E-01  0.678438E-01  0.550331E+01
  13     9  0.116475E+00  0.484164E-01  0.680583E-01  0.553942E+01
  13    10  0.116665E+00  0.484572E-01  0.682078E-01  0.555098E+01
  14     1  0.477558E-02  0.243757E-02  0.233801E-02  0.996096E-01
  14     2  0.605204E-02  0.308651E-02  0.296554E-02  0.133240E+00
  14     3  0.148640E-01  0.749054E-02  0.737343E-02  0.382729E+00
  14     4  0.510749E-01  0.244034E-01  0.266715E-01  0.163179E+01
  14     5  0.956345E-01  0.424261E-01  0.532084E-01  0.372542E+01
  14     6  0.115454E+00  0.490511E-01  0.664033E-01  0.495967E+01
  14     7  0.121153E+00  0.506312E-01  0.705218E-01  0.537432E+01
  14     8  0.122609E+00  0.509817E-01  0.716269E-01  0.550408E+01
  14     9  0.122950E+00  0.511134E-01  0.718366E-01  0.554411E+01
  14    10  0.123032E+00  0.510496E-01  0.719822E-01  0.555108E+01
  15     1  0.586609E-02  0.299633E-02  0.286976E-02  0.115408E+00
  15     2  0.731006E-02  0.372238E-02  0.358768E-02  0.151244E+00
  15     3  0.170831E-01  0.858984E-02  0.849330E-02  0.410461E+00
  15     4  0.554399E-01  0.264019E-01  0.290380E-01  0.165794E+01
  15     5  0.101287E+00  0.448190E-01  0.564678E-01  0.372113E+01
  15     6  0.121713E+00  0.517023E-01  0.700103E-01  0.494836E+01
  15     7  0.127470E+00  0.532105E-01  0.742600E-01  0.537174E+01
  15     8  0.129009E+00  0.536929E-01  0.753159E-01  0.550026E+01
  15     9  0.129385E+00  0.537015E-01  0.756834E-01  0.554092E+01
  15    10  0.129578E+00  0.538010E-01  0.757766E-01  0.555346E+01
  16     1  0.706925E-02  0.361855E-02  0.345069E-02  0.131172E+00
  16     2  0.866928E-02  0.442082E-02  0.424846E-02  0.168849E+00
  16     3  0.193272E-01  0.971054E-02  0.961666E-02  0.436438E+00
  16     4  0.597734E-01  0.284015E-01  0.313720E-01  0.167816E+01
  16     5  0.106938E+00  0.472672E-01  0.596708E-01  0.371183E+01
  16     6  0.127828E+00  0.542980E-01  0.735302E-01  0.494269E+01
  16     7  0.133833E+00  0.558775E-01  0.779550E-01  0.537023E+01
  16     8  0.135389E+00  0.562928E-01  0.790962E-01  0.550092E+01
  16     9  0.135871E+00  0.564355E-01  0.794351E-01  0.553806E+01
  16    10  0.135972E+00  0.564778E-01  0.794944E-01  0.555395E+01
  17     1  0.833879E-02  0.426114E-02  0.407765E-02  0.146753E+00
  17     2  0.100962E-01  0.514788E-02  0.494836E-02  0.185630E+00
  17     3  0.216587E-01  0.108701E-01  0.107886E-01  0.459183E+00
  17     4  0.639668E-01  0.302951E-01  0.336717E-01  0.169318E+01
  17     5  0.112542E+00  0.496578E-01  0.628844E-01  0.370217E+01
  17     6  0.133857E+00  0.568086E-01  0.770486E-01  0.493100E+01
  17     7  0.140346E+00  0.586380E-01  0.817084E-01  0.536296E+01
  17     8  0.141874E+00  0.590133E-01  0.828612E-01  0.549824E+01
  17     9  0.142348E+00  0.591274E-01  0.832206E-01  0.553580E+01
  17    10  0.142434E+00  0.591157E-01  0.833180E-01  0.555062E+01
  18     1  0.966726E-02  0.494378E-02  0.472348E-02  0.161771E+00
  18     2  0.115905E-01  0.591326E-02  0.567722E-02  0.202167E+00
  18     3  0.239428E-01  0.119878E-01  0.119550E-01  0.480175E+00
  18     4  0.681555E-01  0.322247E-01  0.359308E-01  0.170321E+01
  18     5  0.118007E+00  0.520558E-01  0.659516E-01  0.368762E+01
  18     6  0.139973E+00  0.593787E-01  0.805941E-01  0.492179E+01
  18     7  0.146447E+00  0.611569E-01  0.852900E-01  0.535797E+01
  18     8  0.148284E+00  0.616955E-01  0.865883E-01  0.549450E+01
  18     9  0.148873E+00  0.618563E-01  0.870167E-01  0.553589E+01
  18    10  0.148870E+00  0.618299E-01  0.870404E-01  0.555033E+01
  19     1  0.110641E-01  0.565933E-02  0.540480E-02  0.176245E+00
  19     2  0.131409E-01  0.669541E-02  0.644551E-02  0.217448E+00
  19     3  0.263082E-01  0.131518E-01  0.131565E-01  0.498720E+00
  19     4  0.723098E-01  0.340909E-01  0.382189E-01  0.171004E+01
  19     5  0.123379E+00  0.543393E-01  0.690395E-01  0.366869E+01
  19     6  0.146139E+00  0.619672E-01  0.841720E-01  0.491103E+01
  19     7  0.152928E+00  0.638794E-01  0.890484E-01  0.535483E+01
  19     8  0.154736E+00  0.643384E-01  0.903980E-01  0.549228E+01
  19     9  0.155326E+00  0.645326E-01  0.907933E-01  0.553870E+01
  19    10  0.155409E+00  0.645137E-01  0.908953E-01  0.555407E+01
  20     1  0.124830E-01  0.638680E-02  0.609618E-02  0.189892E+00
  20     2  0.147074E-01  0.749460E-02  0.721282E-02  0.231983E+00
  20     3  0.286171E-01  0.142967E-01  0.143204E-01  0.515017E+00
  20     4  0.763874E-01  0.359273E-01  0.404601E-01  0.171445E+01
  20     5  0.128852E+00  0.566829E-01  0.721688E-01  0.365254E+01
  20     6  0.152148E+00  0.645031E-01  0.876444E-01  0.489876E+01
  20     7  0.159324E+00  0.665408E-01  0.927833E-01  0.535057E+01
  20     8  0.161147E+00  0.670384E-01  0.941083E-01  0.549129E+01
  20     9  0.161719E+00  0.672078E-01  0.945116E-01  0.553636E+01
  20    10  0.162019E+00  0.672660E-01  0.947528E-01  0.555310E+01
  21     1  0.139459E-01  0.712985E-02  0.681607E-02  0.203172E+00
  21     2  0.163065E-01  0.831248E-02  0.799402E-02  0.245711E+00
  21     3  0.309863E-01  0.154377E-01  0.155486E-01  0.529801E+00
  21     4  0.803149E-01  0.377311E-01  0.425837E-01  0.171502E+01
  21     5  0.134132E+00  0.589472E-01  0.751846E-01  0.363341E+01
  21     6  0.158419E+00  0.670956E-01  0.913231E-01  0.488941E+01
  21     7  0.165595E+00  0.692306E-01  0.963649E-01  0.534726E+01
  21     8  0.167582E+00  0.696842E-01  0.978974E-01  0.548823E+01
  21     9  0.168241E+00  0.698734E-01  0.983673E-01  0.553520E+01
  21    10  0.168454E+00  0.699425E-01  0.985115E-01  0.555243E+01
  22     1  0.154256E-01  0.787441E-02  0.755115E-02  0.215387E+00
  22     2  0.179193E-01  0.911597E-02  0.880328E-02  0.258315E+00
  22     3  0.332795E-01  0.165853E-01  0.166942E-01  0.542829E+00
  22     4  0.842826E-01  0.395065E-01  0.447761E-01  0.171468E+01
  22     5  0.139425E+00  0.611775E-01  0.782474E-01  0.361426E+01
  22     6  0.164334E+00  0.695927E-01  0.947412E-01  0.487626E+01
  22     7  0.171969E+00  0.718108E-01  0.100158E+00  0.533831E+01
  22     8  0.174039E+00  0.723774E-01  0.101661E+00  0.548677E+01
  22     9  0.174664E+00  0.725535E-01  0.102111E+00  0.553967E+01
  22    10  0.174874E+00  0.726264E-01  0.102248E+00  0.555120E+01
  23     1  0.169057E-01  0.863637E-02  0.826935E-02  0.227056E+00
  23     2  0.194871E-01  0.991975E-02  0.956740E-02  0.269862E+00
  23     3  0.355359E-01  0.176763E-01  0.178596E-01  0.553470E+00
  23     4  0.881200E-01  0.411874E-01  0.469326E-01  0.171176E+01
  23     5  0.144872E+00  0.635873E-01  0.812843E-01  0.359175E+01
  23     6  0.170392E+00  0.721164E-01  0.982759E-01  0.486200E+01
  23     7  0.178147E+00  0.744530E-01  0.103694E+00  0.533545E+01
  23     8  0.180498E+00  0.750497E-01  0.105449E+00  0.548407E+01
  23     9  0.181145E+00  0.752725E-01  0.105872E+00  0.553324E+01
  23    10  0.181361E+00  0.753744E-01  0.105987E+00  0.555217E+01
  24     1  0.184056E-01  0.939462E-02  0.901100E-02  0.237601E+00
  24     2  0.211307E-01  0.107355E-01  0.103952E-01  0.280694E+00
  24     3  0.378477E-01  0.188018E-01  0.190459E-01  0.563402E+00
  24     4  0.918858E-01  0.428986E-01  0.489872E-01  0.170773E+01
  24     5  0.149974E+00  0.657896E-01  0.841848E-01  0.356773E+01
  24     6  0.176375E+00  0.746501E-01  0.101725E+00  0.485135E+01
  24     7  0.184600E+00  0.771178E-01  0.107482E+00  0.533085E+01
  24     8  0.186993E+00  0.777711E-01  0.109222E+00  0.548653E+01
  24     9  0.187643E+00  0.779961E-01  0.109647E+00  0.553362E+01
  24    10  0.187761E+00  0.779551E-01  0.109806E+00  0.555166E+01
  25     1  0.199072E-01  0.101544E-01  0.975279E-02  0.247311E+00
  25     2  0.227120E-01  0.115394E-01  0.111726E-01  0.290826E+00
  25     3  0.400488E-01  0.198552E-01  0.201936E-01  0.572100E+00
  25     4  0.957255E-01  0.446068E-01  0.511187E-01  0.170057E+01
  25     5  0.154995E+00  0.678489E-01  0.871462E-01  0.354700E+01
  25     6  0.182470E+00  0.772328E-01  0.105237E+00  0.483998E+01
  25     7  0.190894E+00  0.797206E-01  0.111174E+00  0.532654E+01
  25     8  0.193299E+00  0.803969E-01  0.112902E+00  0.548147E+01
  25     9  0.194059E+00  0.806631E-01  0.113396E+00  0.553070E+01
  25    10  0.194456E+00  0.808138E-01  0.113642E+00  0.554829E+01
  26     1  0.213454E-01  0.108884E-01  0.104570E-01  0.256658E+00
  26     2  0.242971E-01  0.123298E-01  0.119673E-01  0.299699E+00
  26     3  0.421992E-01  0.208995E-01  0.212997E-01  0.579304E+00
  26     4  0.992898E-01  0.461892E-01  0.531006E-01  0.169323E+01
  26     5  0.160017E+00  0.699945E-01  0.900229E-01  0.352438E+01
  26     6  0.188478E+00  0.797766E-01  0.108702E+00  0.482611E+01
  26     7  0.197187E+00  0.823782E-01  0.114808E+00  0.532040E+01
  26     8  0.199735E+00  0.830369E-01  0.116698E+00  0.548015E+01
  26     9  0.200584E+00  0.833666E-01  0.117217E+00  0.553116E+01
  26    10  0.200774E+00  0.833363E-01  0.117438E+00  0.555148E+01
  27     1  0.228128E-01  0.116207E-01  0.111921E-01  0.264759E+00
  27     2  0.258489E-01  0.131009E-01  0.127479E-01  0.307683E+00
  27     3  0.443723E-01  0.219291E-01  0.224433E-01  0.585348E+00
  27     4  0.102882E+00  0.478060E-01  0.550759E-01  0.168546E+01
  27     5  0.165206E+00  0.723049E-01  0.929010E-01  0.349899E+01
  27     6  0.194390E+00  0.822039E-01  0.112186E+00  0.481125E+01
  27     7  0.203396E+00  0.849312E-01  0.118465E+00  0.531745E+01
  27     8  0.206226E+00  0.857264E-01  0.120499E+00  0.547634E+01
  27     9  0.207055E+00  0.859739E-01  0.121081E+00  0.552753E+01
  27    10  0.207406E+00  0.861441E-01  0.121262E+00  0.555094E+01
  28     1  0.242785E-01  0.123658E-01  0.119128E-01  0.272581E+00
  28     2  0.274148E-01  0.138819E-01  0.135329E-01  0.315111E+00
  28     3  0.464476E-01  0.229376E-01  0.235101E-01  0.590548E+00
  28     4  0.106468E+00  0.493865E-01  0.570812E-01  0.167701E+01
  28     5  0.170143E+00  0.743591E-01  0.957840E-01  0.347644E+01
  28     6  0.200323E+00  0.847606E-01  0.115562E+00  0.479741E+01
  28     7  0.209770E+00  0.875889E-01  0.122181E+00  0.531159E+01
  28     8  0.212652E+00  0.884428E-01  0.124209E+00  0.547544E+01
  28     9  0.213429E+00  0.886163E-01  0.124813E+00  0.552938E+01
  28    10  0.213686E+00  0.887639E-01  0.124922E+00  0.554973E+01
  29     1  0.256730E-01  0.130489E-01  0.126241E-01  0.279511E+00
  29     2  0.289236E-01  0.146293E-01  0.142942E-01  0.321743E+00
  29     3  0.485089E-01  0.239093E-01  0.245996E-01  0.594578E+00
  29     4  0.109850E+00  0.508436E-01  0.590068E-01  0.166729E+01
  29     5  0.175319E+00  0.765538E-01  0.987649E-01  0.345399E+01
  29     6  0.206170E+00  0.871949E-01  0.118976E+00  0.478406E+01
  29     7  0.216203E+00  0.902459E-01  0.125958E+00  0.530855E+01
  29     8  0.218861E+00  0.910499E-01  0.127811E+00  0.547743E+01
  29     9  0.219784E+00  0.913789E-01  0.128405E+00  0.552859E+01
  29    10  0.220055E+00  0.914356E-01  0.128620E+00  0.554996E+01
  30     1  0.270309E-01  0.137318E-01  0.132991E-01  0.285642E+00
  30     2  0.303704E-01  0.153684E-01  0.150020E-01  0.327337E+00
  30     3  0.504995E-01  0.248600E-01  0.256395E-01  0.597771E+00
  30     4  0.113275E+00  0.523976E-01  0.608769E-01  0.165699E+01
  30     5  0.180155E+00  0.787034E-01  0.101452E+00  0.342874E+01
  30     6  0.212157E+00  0.897408E-01  0.122417E+00  0.476998E+01
  30     7  0.222536E+00  0.928886E-01  0.129647E+00  0.530194E+01
  30     8  0.225570E+00  0.938221E-01  0.131748E+00  0.547265E+01
  30     9  0.226349E+00  0.940328E-01  0.132316E+00  0.552685E+01
  30    10  0.226609E+00  0.941485E-01  0.132461E+00  0.554636E+01
  31     1  0.283903E-01  0.144269E-01  0.139634E-01  0.290772E+00
  31     2  0.318307E-01  0.160637E-01  0.157669E-01  0.332890E+00
  31     3  0.524665E-01  0.257955E-01  0.266710E-01  0.600196E+00
  31     4  0.116750E+00  0.539578E-01  0.627917E-01  0.164597E+01
  31     5  0.185037E+00  0.808026E-01  0.104234E+00  0.340445E+01
  31     6  0.217947E+00  0.921785E-01  0.125768E+00  0.475415E+01
  31     7  0.228818E+00  0.954950E-01  0.133323E+00  0.529685E+01
  31     8  0.231925E+00  0.964526E-01  0.135473E+00  0.547108E+01
  31     9  0.232905E+00  0.967663E-01  0.136138E+00  0.553200E+01
  31    10  0.233225E+00  0.968304E-01  0.136395E+00  0.555033E+01
  32     1  0.297475E-01  0.150841E-01  0.146634E-01  0.295746E+00
  32     2  0.332093E-01  0.167411E-01  0.164683E-01  0.337180E+00
  32     3  0.543826E-01  0.266814E-01  0.277012E-01  0.602008E+00
  32     4  0.120021E+00  0.553997E-01  0.646218E-01  0.163507E+01
  32     5  0.190120E+00  0.828718E-01  0.107248E+00  0.338071E+01
  32     6  0.224033E+00  0.946917E-01  0.129341E+00  0.474033E+01
  32     7  0.235235E+00  0.981432E-01  0.137091E+00  0.529293E+01
  32     8  0.238302E+00  0.990823E-01  0.139219E+00  0.546991E+01
  32     9  0.239292E+00  0.994158E-01  0.139876E+00  0.552904E+01
  32    10  0.239619E+00  0.995231E-01  0.140096E+00  0.554778E+01
  33     1  0.309532E-01  0.156788E-01  0.152744E-01  0.300572E+00
  33     2  0.346098E-01  0.174404E-01  0.171694E-01  0.340993E+00
  33     3  0.561505E-01  0.274905E-01  0.286600E-01  0.603296E+00
  33     4  0.123219E+00  0.568086E-01  0.664100E-01  0.162463E+01
  33     5  0.194755E+00  0.848505E-01  0.109904E+00  0.335818E+01
  33     6  0.229869E+00  0.972158E-01  0.132653E+00  0.472653E+01
  33     7  0.241477E+00  0.100726E+00  0.140751E+00  0.528929E+01
  33     8  0.244570E+00  0.101684E+00  0.142885E+00  0.546565E+01
  33     9  0.245675E+00  0.102113E+00  0.143562E+00  0.552575E+01
  33    10  0.246063E+00  0.102193E+00  0.143870E+00  0.554632E+01
  34     1  0.322447E-01  0.163086E-01  0.159361E-01  0.304515E+00
  34     2  0.358932E-01  0.180474E-01  0.178458E-01  0.344919E+00
  34     3  0.580637E-01  0.284101E-01  0.296537E-01  0.603549E+00
  34     4  0.126395E+00  0.582322E-01  0.681629E-01  0.161196E+01
  34     5  0.199529E+00  0.870413E-01  0.112488E+00  0.333224E+01
  34     6  0.235827E+00  0.996778E-01  0.136149E+00  0.471062E+01
  34     7  0.247649E+00  0.103418E+00  0.144231E+00  0.528049E+01
  34     8  0.251148E+00  0.104423E+00  0.146725E+00  0.546861E+01
  34     9  0.252228E+00  0.104768E+00  0.147460E+00  0.552562E+01
  34    10  0.252518E+00  0.104827E+00  0.147691E+00  0.554749E+01
  35     1  0.334775E-01  0.169221E-01  0.165554E-01  0.307575E+00
  35     2  0.371857E-01  0.186864E-01  0.184993E-01  0.347747E+00
  35     3  0.598016E-01  0.292230E-01  0.305786E-01  0.604216E+00
  35     4  0.129768E+00  0.596846E-01  0.700839E-01  0.160100E+01
  35     5  0.204464E+00  0.889856E-01  0.115478E+00  0.331038E+01
  35     6  0.241555E+00  0.102046E+00  0.139509E+00  0.469901E+01
  35     7  0.253937E+00  0.105998E+00  0.147939E+00  0.527631E+01
  35     8  0.257707E+00  0.107115E+00  0.150592E+00  0.546428E+01
  35     9  0.258741E+00  0.107463E+00  0.151279E+00  0.552519E+01
  35    10  0.258978E+00  0.107453E+00  0.151525E+00  0.554690E+01
  36     1  0.346206E-01  0.174784E-01  0.171422E-01  0.311079E+00
  36     2  0.384151E-01  0.192946E-01  0.191205E-01  0.350051E+00
  36     3  0.614870E-01  0.300071E-01  0.314799E-01  0.604043E+00
  36     4  0.132698E+00  0.609872E-01  0.717107E-01  0.158853E+01
  36     5  0.208983E+00  0.909964E-01  0.117986E+00  0.328582E+01
  36     6  0.247242E+00  0.104537E+00  0.142705E+00  0.468313E+01
  36     7  0.260181E+00  0.108678E+00  0.151504E+00  0.527240E+01
  36     8  0.263660E+00  0.109604E+00  0.154056E+00  0.546226E+01
  36     9  0.265098E+00  0.110097E+00  0.155001E+00  0.552587E+01
  36    10  0.265515E+00  0.110193E+00  0.155322E+00  0.554650E+01
  37     1  0.357516E-01  0.180384E-01  0.177132E-01  0.313345E+00
  37     2  0.396478E-01  0.198724E-01  0.197753E-01  0.352526E+00
  37     3  0.632031E-01  0.308354E-01  0.323677E-01  0.602999E+00
  37     4  0.135878E+00  0.623687E-01  0.735093E-01  0.157663E+01
  37     5  0.213756E+00  0.929965E-01  0.120760E+00  0.326181E+01
  37     6  0.253288E+00  0.107052E+00  0.146236E+00  0.467069E+01
  37     7  0.266475E+00  0.111102E+00  0.155374E+00  0.526718E+01
  37     8  0.270207E+00  0.112337E+00  0.157870E+00  0.545919E+01
  37     9  0.271696E+00  0.112874E+00  0.158823E+00  0.552499E+01
  37    10  0.271940E+00  0.112904E+00  0.159036E+00  0.554686E+01
  38     1  0.368539E-01  0.185705E-01  0.182835E-01  0.315387E+00
  38     2  0.408422E-01  0.204577E-01  0.203845E-01  0.354063E+00
  38     3  0.648333E-01  0.315912E-01  0.332421E-01  0.601543E+00
  38     4  0.138867E+00  0.637060E-01  0.751606E-01  0.156464E+01
  38     5  0.218408E+00  0.949827E-01  0.123425E+00  0.324027E+01
  38     6  0.259033E+00  0.109439E+00  0.149594E+00  0.465408E+01
  38     7  0.272705E+00  0.113882E+00  0.158823E+00  0.526049E+01
  38     8  0.276867E+00  0.115109E+00  0.161758E+00  0.545593E+01
  38     9  0.278047E+00  0.115484E+00  0.162563E+00  0.552635E+01
  38    10  0.278520E+00  0.115591E+00  0.162928E+00  0.554476E+01
  39     1  0.378591E-01  0.190573E-01  0.188018E-01  0.317036E+00
  39     2  0.420157E-01  0.210233E-01  0.209924E-01  0.355601E+00
  39     3  0.663768E-01  0.322508E-01  0.341260E-01  0.600272E+00
  39     4  0.141745E+00  0.650113E-01  0.767336E-01  0.155263E+01
  39     5  0.223277E+00  0.970666E-01  0.126210E+00  0.321599E+01
  39     6  0.264755E+00  0.111808E+00  0.152947E+00  0.463970E+01
  39     7  0.279021E+00  0.116345E+00  0.162676E+00  0.525394E+01
  39     8  0.283085E+00  0.117794E+00  0.165291E+00  0.545689E+01
  39     9  0.284372E+00  0.118112E+00  0.166260E+00  0.552430E+01
  39    10  0.284997E+00  0.118421E+00  0.166576E+00  0.554407E+01
  40     1  0.388889E-01  0.195503E-01  0.193386E-01  0.318364E+00
  40     2  0.430943E-01  0.215242E-01  0.215701E-01  0.356160E+00
  40     3  0.679472E-01  0.329822E-01  0.349650E-01  0.598929E+00
  40     4  0.144691E+00  0.662173E-01  0.784738E-01  0.154005E+01
  40     5  0.227866E+00  0.989927E-01  0.128873E+00  0.319392E+01
  40     6  0.270598E+00  0.114298E+00  0.156300E+00  0.462612E+01
  40     7  0.285391E+00  0.119022E+00  0.166369E+00  0.525101E+01
  40     8  0.289696E+00  0.120504E+00  0.169192E+00  0.545275E+01
  40     9  0.291328E+00  0.121042E+00  0.170286E+00  0.552256E+01
  40    10  0.291454E+00  0.120996E+00  0.170458E+00  0.554526E+01
  41     1  0.399209E-01  0.200366E-01  0.198843E-01  0.319281E+00
  41     2  0.441034E-01  0.220114E-01  0.220920E-01  0.357360E+00
  41     3  0.694705E-01  0.336800E-01  0.357906E-01  0.596511E+00
  41     4  0.147540E+00  0.674585E-01  0.800813E-01  0.152821E+01
  41     5  0.232480E+00  0.100932E+00  0.131548E+00  0.317075E+01
  41     6  0.276333E+00  0.116794E+00  0.159538E+00  0.461251E+01
  41     7  0.291475E+00  0.121618E+00  0.169857E+00  0.524466E+01
  41     8  0.295852E+00  0.122949E+00  0.172902E+00  0.545466E+01
  41     9  0.297592E+00  0.123666E+00  0.173926E+00  0.551940E+01
  41    10  0.297703E+00  0.123648E+00  0.174055E+00  0.554833E+01
  42     1  0.408503E-01  0.204804E-01  0.203699E-01  0.320278E+00
  42     2  0.451225E-01  0.224987E-01  0.226238E-01  0.357882E+00
  42     3  0.708136E-01  0.343302E-01  0.364834E-01  0.594514E+00
  42     4  0.150341E+00  0.686883E-01  0.816531E-01  0.151626E+01
  42     5  0.236814E+00  0.102864E+00  0.133950E+00  0.314988E+01
  42     6  0.282234E+00  0.119106E+00  0.163127E+00  0.459596E+01
  42     7  0.297784E+00  0.124229E+00  0.173555E+00  0.524202E+01
  42     8  0.302342E+00  0.125685E+00  0.176657E+00  0.544824E+01
  42     9  0.303876E+00  0.126197E+00  0.177679E+00  0.552212E+01
  42    10  0.304249E+00  0.126350E+00  0.177898E+00  0.554752E+01
  43     1  0.417503E-01  0.209004E-01  0.208499E-01  0.321086E+00
  43     2  0.461390E-01  0.229518E-01  0.231872E-01  0.357785E+00
  43     3  0.723308E-01  0.349875E-01  0.373432E-01  0.591545E+00
  43     4  0.153029E+00  0.698068E-01  0.832218E-01  0.150447E+01
  43     5  0.241589E+00  0.104809E+00  0.136780E+00  0.312642E+01
  43     6  0.287717E+00  0.121424E+00  0.166293E+00  0.458056E+01
  43     7  0.304009E+00  0.126844E+00  0.177165E+00  0.523438E+01
  43     8  0.308912E+00  0.128482E+00  0.180430E+00  0.545283E+01
  43     9  0.310349E+00  0.128956E+00  0.181394E+00  0.551971E+01
  43    10  0.310815E+00  0.129135E+00  0.181680E+00  0.554510E+01
  44     1  0.426286E-01  0.213136E-01  0.213150E-01  0.320978E+00
  44     2  0.470368E-01  0.233743E-01  0.236625E-01  0.357575E+00
  44     3  0.735713E-01  0.355403E-01  0.380310E-01  0.589460E+00
  44     4  0.155834E+00  0.710314E-01  0.848023E-01  0.149242E+01
  44     5  0.246038E+00  0.106830E+00  0.139208E+00  0.310535E+01
  44     6  0.293675E+00  0.123981E+00  0.169694E+00  0.456410E+01
  44     7  0.310217E+00  0.129471E+00  0.180746E+00  0.523149E+01
  44     8  0.315292E+00  0.131128E+00  0.184164E+00  0.544967E+01
  44     9  0.316673E+00  0.131616E+00  0.185056E+00  0.551846E+01
  44    10  0.317416E+00  0.131674E+00  0.185742E+00  0.554269E+01
  45     1  0.433836E-01  0.216821E-01  0.217015E-01  0.321362E+00
  45     2  0.479258E-01  0.238110E-01  0.241148E-01  0.357278E+00
  45     3  0.749876E-01  0.361893E-01  0.387984E-01  0.586641E+00
  45     4  0.158591E+00  0.722710E-01  0.863199E-01  0.148056E+01
  45     5  0.250404E+00  0.108648E+00  0.141756E+00  0.308521E+01
  45     6  0.299177E+00  0.126351E+00  0.172826E+00  0.454709E+01
  45     7  0.316392E+00  0.131990E+00  0.184402E+00  0.522490E+01
  45     8  0.321837E+00  0.133838E+00  0.187999E+00  0.544762E+01
  45     9  0.323036E+00  0.134199E+00  0.188837E+00  0.552101E+01
  45    10  0.323553E+00  0.134331E+00  0.189222E+00  0.554463E+01
  46     1  0.442536E-01  0.220840E-01  0.221695E-01  0.320994E+00
  46     2  0.487683E-01  0.241998E-01  0.245685E-01  0.356685E+00
  46     3  0.762523E-01  0.367088E-01  0.395435E-01  0.583116E+00
  46     4  0.161158E+00  0.733745E-01  0.877840E-01  0.146893E+01
  46     5  0.254850E+00  0.110471E+00  0.144378E+00  0.306051E+01
  46     6  0.305106E+00  0.128680E+00  0.176426E+00  0.453526E+01
  46     7  0.322749E+00  0.134583E+00  0.188166E+00  0.521921E+01
  46     8  0.328000E+00  0.136305E+00  0.191695E+00  0.544102E+01
  46     9  0.329731E+00  0.136935E+00  0.192796E+00  0.551406E+01
  46    10  0.330219E+00  0.137109E+00  0.193110E+00  0.554533E+01
  47     1  0.449730E-01  0.224458E-01  0.225272E-01  0.320847E+00
  47     2  0.496049E-01  0.245643E-01  0.250406E-01  0.356282E+00
  47     3  0.774565E-01  0.372559E-01  0.402006E-01  0.580418E+00
  47     4  0.163860E+00  0.744950E-01  0.893646E-01  0.145757E+01
  47     5  0.259210E+00  0.112480E+00  0.146729E+00  0.304030E+01
  47     6  0.310656E+00  0.131186E+00  0.179470E+00  0.451902E+01
  47     7  0.329106E+00  0.137290E+00  0.191816E+00  0.521366E+01
  47     8  0.334420E+00  0.139024E+00  0.195395E+00  0.544066E+01
  47     9  0.336199E+00  0.139541E+00  0.196657E+00  0.551635E+01
  47    10  0.336641E+00  0.139882E+00  0.196759E+00  0.554731E+01
  48     1  0.456631E-01  0.227227E-01  0.229404E-01  0.320103E+00
  48     2  0.504421E-01  0.249748E-01  0.254673E-01  0.355318E+00
  48     3  0.786149E-01  0.377596E-01  0.408554E-01  0.577020E+00
  48     4  0.166443E+00  0.756636E-01  0.907797E-01  0.144478E+01
  48     5  0.263803E+00  0.114342E+00  0.149461E+00  0.302030E+01
  48     6  0.316524E+00  0.133518E+00  0.183006E+00  0.450462E+01
  48     7  0.335018E+00  0.139717E+00  0.195301E+00  0.520903E+01
  48     8  0.340827E+00  0.141601E+00  0.199226E+00  0.543921E+01
  48     9  0.342649E+00  0.142276E+00  0.200373E+00  0.551682E+01
  48    10  0.343268E+00  0.142470E+00  0.200799E+00  0.554377E+01
  49     1  0.464205E-01  0.230928E-01  0.233278E-01  0.319693E+00
  49     2  0.511669E-01  0.252878E-01  0.258791E-01  0.354125E+00
  49     3  0.797591E-01  0.382981E-01  0.414609E-01  0.573179E+00
  49     4  0.168973E+00  0.766874E-01  0.922855E-01  0.143381E+01
  49     5  0.267882E+00  0.116129E+00  0.151753E+00  0.299864E+01
  49     6  0.322123E+00  0.135854E+00  0.186269E+00  0.449036E+01
  49     7  0.341549E+00  0.142457E+00  0.199092E+00  0.520339E+01
  49     8  0.346992E+00  0.144317E+00  0.202675E+00  0.543875E+01
  49     9  0.349177E+00  0.145171E+00  0.204006E+00  0.551735E+01
  49    10  0.349742E+00  0.145227E+00  0.204515E+00  0.554555E+01
  50     1  0.470897E-01  0.233927E-01  0.236970E-01  0.318582E+00
  50     2  0.518682E-01  0.256078E-01  0.262605E-01  0.352894E+00
  50     3  0.809392E-01  0.388241E-01  0.421150E-01  0.570025E+00
  50     4  0.171382E+00  0.777368E-01  0.936451E-01  0.142307E+01
  50     5  0.272260E+00  0.117910E+00  0.154349E+00  0.298005E+01
  50     6  0.327804E+00  0.138177E+00  0.189628E+00  0.447424E+01
  50     7  0.347375E+00  0.144925E+00  0.202449E+00  0.519855E+01
  50     8  0.353839E+00  0.147169E+00  0.206670E+00  0.543736E+01
  50     9  0.355351E+00  0.147771E+00  0.207580E+00  0.551557E+01
  50    10  0.355981E+00  0.147895E+00  0.208086E+00  0.553957E+01
