0.10	0.008304543700000000
0.30	0.010475211600000001
0.50	0.013853597300000001
0.70	0.018245418100000004
0.90	0.023287732800000002
1.10	0.027502437600000002
1.30	0.029739679700000000
1.50	0.029761412800000001
1.70	0.028057437300000002
1.90	0.025330185700000001
2.10	0.022190988000000002
2.30	0.019052989400000001
2.50	0.016147809400000001
2.70	0.013577481100000000
2.90	0.011367590200000000
3.10	0.009500809840000001
3.30	0.007940538570000001
3.50	0.006645416270000000
3.70	0.005573273890000000
3.90	0.004687828730000000
4.10	0.003957153340000000
4.30	0.003350024250000000
4.50	0.002842728250000000
4.70	0.002417338660000000
4.90	0.002060992470000000
5.10	0.001762712250000000
5.30	0.001512889080000000
5.50	0.001303329560000000
5.70	0.001127095610000000
5.90	0.000978067547000000
6.10	0.000851512585000000
6.30	0.000743650274000000
6.50	0.000651396762000000
6.70	0.000572227016000000
6.90	0.000504065483000000
7.10	0.000445199195000000
7.30	0.000394218220000000
7.50	0.000349941147000000
7.70	0.000311377383000000
7.90	0.000277698029000000
8.10	0.000248207126000000
8.30	0.000222318468000000
8.50	0.000199536523000000
8.70	0.000179441232000000
8.90	0.000161675453000000
9.10	0.000145934718000000
9.30	0.000131959442000000
9.50	0.000119526982000000
9.70	0.000108445151000000
9.90	0.000098548296700000
10.10	0.000089693346800000
10.30	0.000081756397500000
10.50	0.000074629916300000
10.70	0.000068220370600000
10.90	0.000062446225700000
11.10	0.000057236271300000
11.30	0.000052528172200000
11.50	0.000048267258500000
11.70	0.000044405485600000
11.90	0.000040900561500000
12.10	0.000037715178600000
12.30	0.000034816405300000
12.50	0.000032175080100000
12.70	0.000029765301500000
12.90	0.000027563987800000
13.10	0.000025550887900000
13.30	0.000023707681200000
13.50	0.000022018115700000
13.70	0.000020467684900000
13.90	0.000019043407000000
14.10	0.000017733650000000
14.30	0.000016527976100000
14.50	0.000015417010800000
14.70	0.000014392324000000
14.90	0.000013446318100000
15.10	0.000012572146500000
15.30	0.000011763626900000
15.50	0.000011015172700000
15.70	0.000010321728600000
15.90	0.000009678711360000
16.10	0.000009081964840000
16.30	0.000008527715780000
16.50	0.000008012533390000
16.70	0.000007533295360000
16.90	0.000007087161020000
17.10	0.000006671538490000
17.30	0.000006284062010000
17.50	0.000005922573190000
17.70	0.000005585097390000
17.90	0.000005269826200000
18.10	0.000004975103780000
18.30	0.000004699412200000
18.50	0.000004441357850000
18.70	0.000004199662220000
18.90	0.000003973150150000
19.10	0.000003760740660000
19.30	0.000003561439160000
19.50	0.000003374328920000
19.70	0.000003198565020000
19.90	0.000003033367740000
20.10	0.000002878017030000
20.30	0.000002731847930000
20.50	0.000002594245240000
20.70	0.000002464640260000
20.90	0.000002342506570000
21.10	0.000002227356070000
21.30	0.000002118736510000
21.50	0.000002016227960000
21.70	0.000001919440900000
21.90	0.000001828013830000
22.10	0.000001741610270000
22.30	0.000001659917430000
22.50	0.000001582644760000
22.70	0.000001509521390000
22.90	0.000001440294790000
23.10	0.000001374729660000
23.30	0.000001312606580000
23.50	0.000001253720710000
23.70	0.000001197880960000
23.90	0.000001144908590000
24.10	0.000001094636560000
24.30	0.000001046908910000
24.50	0.000001001579850000
24.70	0.000000958512759000
24.90	0.000000917579737000
25.10	0.000000878661065000
25.30	0.000000841644399000
25.50	0.000000806424347000
25.70	0.000000772902075000
25.90	0.000000740984886000
26.10	0.000000710585803000
26.30	0.000000681623106000
26.50	0.000000654019944000
26.70	0.000000627704023000
26.90	0.000000602607293000
27.10	0.000000578665826000
27.30	0.000000555819446000
27.50	0.000000534011418000
27.70	0.000000513188333000
27.90	0.000000493299846000
28.10	0.000000474298485000
28.30	0.000000456139452000
28.50	0.000000438780462000
28.70	0.000000422181618000
28.90	0.000000406305242000
29.10	0.000000391115703000
29.30	0.000000376579395000
29.50	0.000000362664537000
29.70	0.000000349341068000
29.90	0.000000336580537000
30.10	0.000000324355999000
30.30	0.000000312641994000
30.50	0.000000301414410000
30.70	0.000000290650406000
30.90	0.000000280328350000
31.10	0.000000270427704000
31.30	0.000000260929004000
31.50	0.000000251813796000
31.70	0.000000243064558000
31.90	0.000000234664669000
32.10	0.000000226598363000
32.30	0.000000218850659000
32.50	0.000000211407316000
32.70	0.000000204254806000
32.90	0.000000197380272000
33.10	0.000000190771489000
33.30	0.000000184416837000
33.50	0.000000178305281000
33.70	0.000000172426313000
33.90	0.000000166769916000
34.10	0.000000161326568000
34.30	0.000000156087219000
34.50	0.000000151043232000
34.70	0.000000146186371000
34.90	0.000000141508787000
35.10	0.000000137002997000
35.30	0.000000132661875000
35.50	0.000000128478612000
35.70	0.000000124446705000
35.90	0.000000120559959000
36.10	0.000000116812473000
36.30	0.000000113198610000
36.50	0.000000109712985000
36.70	0.000000106350463000
36.90	0.000000103106138000
37.10	0.000000099975316100
37.30	0.000000096953511100
37.50	0.000000094036433900
37.70	0.000000091219980600
37.90	0.000000088500225900
38.10	0.000000085873432600
38.30	0.000000083336019000
38.50	0.000000080884551500
38.70	0.000000078515742700
38.90	0.000000076226445000
39.10	0.000000074013644400
39.30	0.000000071874453400
39.50	0.000000069806110700
39.70	0.000000067805971200
39.90	0.000000065871496900
40.10	0.000000064000251200
40.30	0.000000062189899500
40.50	0.000000060438207900
40.70	0.000000058743030800
40.90	0.000000057102308900
41.10	0.000000055514069000
41.30	0.000000053976416800
41.50	0.000000052487532400
41.70	0.000000051045669500
41.90	0.000000049649154100
42.10	0.000000048296377200
42.30	0.000000046985794200
42.50	0.000000045715922600
42.70	0.000000044485335100
42.90	0.000000043292662900
43.10	0.000000042136587700
43.30	0.000000041015842000
43.50	0.000000039929208300
43.70	0.000000038875515400
43.90	0.000000037853637000
44.10	0.000000036862489200
44.30	0.000000035901028600
44.50	0.000000034968253000
44.70	0.000000034063199000
44.90	0.000000033184936800
45.10	0.000000032332571800
45.30	0.000000031505242700
45.50	0.000000030702122100
45.70	0.000000029922411400
45.90	0.000000029165341000
46.10	0.000000028430169600
46.30	0.000000027716182900
46.50	0.000000027022692000
46.70	0.000000026349033100
46.90	0.000000025694568900
47.10	0.000000025058683700
47.30	0.000000024440782400
47.50	0.000000023840292800
47.70	0.000000023256661800
47.90	0.000000022689356200
48.10	0.000000022137861800
48.30	0.000000021601682000
48.50	0.000000021080336400
48.70	0.000000020573362700
48.90	0.000000020080316000
49.10	0.000000019600765400
49.30	0.000000019134294700
49.50	0.000000018680501900
49.70	0.000000018238998800
49.90	0.000000017809410600
50.10	0.000000017391374900
50.30	0.000000016984541300
50.50	0.000000016588571700
50.70	0.000000016203139600
50.90	0.000000015827929300
51.10	0.000000015462635600
51.30	0.000000015106963200
51.50	0.000000014760626800
51.70	0.000000014423349900
51.90	0.000000014094866500
52.10	0.000000013774919000
52.30	0.000000013463257900
52.50	0.000000013159641600
52.70	0.000000012863836400
52.90	0.000000012575616100
53.10	0.000000012294761500
53.30	0.000000012021060200
53.50	0.000000011754307300
53.70	0.000000011494305300
53.90	0.000000011240862000
54.10	0.000000010993791400
54.30	0.000000010752913000
54.50	0.000000010518052400
54.70	0.000000010289040100
54.90	0.000000010065712800
55.10	0.000000009847911790
55.30	0.000000009635483160
55.50	0.000000009428277670
55.70	0.000000009226149760
55.90	0.000000009028959120
56.10	0.000000008836570650
56.30	0.000000008648853050
56.50	0.000000008465678800
56.70	0.000000008286924250
56.90	0.000000008112469490
57.10	0.000000007942198360
57.30	0.000000007775997900
57.50	0.000000007613758760
57.70	0.000000007455374870
57.90	0.000000007300743290
58.10	0.000000007149764030
58.30	0.000000007002340030
58.50	0.000000006858377150
58.70	0.000000006717784040
58.90	0.000000006580472000
59.10	0.000000006446355120
59.30	0.000000006315349860
59.50	0.000000006187374990
59.70	0.000000006062351660
59.90	0.000000005940203250
60.10	0.000000005820855650
60.30	0.000000005704237070
60.50	0.000000005590277420
60.70	0.000000005478908570
60.90	0.000000005370064300
61.10	0.000000005263680350
61.30	0.000000005159694340
61.50	0.000000005058045510
61.70	0.000000004958674850
61.90	0.000000004861525010
62.10	0.000000004766540240
62.30	0.000000004673666430
62.50	0.000000004582850850
62.70	0.000000004494042230
62.90	0.000000004407190760
63.10	0.000000004322247980
63.30	0.000000004239166690
63.50	0.000000004157901030
63.70	0.000000004078406400
63.90	0.000000004000639590
64.10	0.000000003924558480
64.30	0.000000003850122200
64.50	0.000000003777290830
64.70	0.000000003706025520
64.90	0.000000003636288450
65.10	0.000000003568042840
65.30	0.000000003501252840
65.50	0.000000003435883600
65.70	0.000000003371901190
65.90	0.000000003309272590
66.10	0.000000003247965690
66.30	0.000000003187949140
66.50	0.000000003129192380
66.70	0.000000003071665680
66.90	0.000000003015340260
67.10	0.000000002960187950
67.30	0.000000002906181300
67.50	0.000000002853293720
67.70	0.000000002801499210
67.90	0.000000002750772440
68.10	0.000000002701088700
68.30	0.000000002652423920
68.50	0.000000002604754630
68.70	0.000000002558057980
68.90	0.000000002512311690
69.10	0.000000002467494040
69.30	0.000000002423583940
69.50	0.000000002380560790
69.70	0.000000002338404480
69.90	0.000000002297095410
70.10	0.000000002256614520
70.30	0.000000002216943180
70.50	0.000000002178063190
70.70	0.000000002139956910
70.90	0.000000002102607100
71.10	0.000000002065996890
71.30	0.000000002030109870
71.50	0.000000001994930020
71.70	0.000000001960441730
71.90	0.000000001926629740
72.10	0.000000001893479170
72.30	0.000000001860975520
72.50	0.000000001829104630
72.70	0.000000001797852670
72.90	0.000000001767206150
73.10	0.000000001737151900
73.30	0.000000001707677160
73.50	0.000000001678769390
73.70	0.000000001650416410
73.90	0.000000001622606280
74.10	0.000000001595327380
74.30	0.000000001568568340
74.50	0.000000001542318050
74.70	0.000000001516565690
74.90	0.000000001491300650
75.10	0.000000001466512610
75.30	0.000000001442191460
75.50	0.000000001418327370
75.70	0.000000001394910680
75.90	0.000000001371932000
76.10	0.000000001349382130
76.30	0.000000001327252120
76.50	0.000000001305533230
76.70	0.000000001284216890
76.90	0.000000001263294750
77.10	0.000000001242758690
77.30	0.000000001222600730
77.50	0.000000001202813070
77.70	0.000000001183388080
77.90	0.000000001164318330
78.10	0.000000001145596530
78.30	0.000000001127215560
78.50	0.000000001109168470
78.70	0.000000001091448490
78.90	0.000000001074049000
79.10	0.000000001056963500
79.30	0.000000001040185630
79.50	0.000000001023709230
79.70	0.000000001007528220
79.90	0.000000000991636692
80.10	0.000000000976028830
80.30	0.000000000960698967
80.50	0.000000000945641565
80.70	0.000000000930851201
80.90	0.000000000916322584
81.10	0.000000000902050535
81.30	0.000000000888029983
81.50	0.000000000874255967
81.70	0.000000000860723631
81.90	0.000000000847428234
82.10	0.000000000834365131
82.30	0.000000000821529776
82.50	0.000000000808917723
82.70	0.000000000796524629
82.90	0.000000000784346256
83.10	0.000000000772378445
83.30	0.000000000760617127
83.50	0.000000000749058313
83.70	0.000000000737698103
83.90	0.000000000726532680
84.10	0.000000000715558307
84.30	0.000000000704771321
84.50	0.000000000694168137
84.70	0.000000000683745260
84.90	0.000000000673499261
85.10	0.000000000663426789
85.30	0.000000000653524568
85.50	0.000000000643789391
85.70	0.000000000634218108
85.90	0.000000000624807632
86.10	0.000000000615554941
86.30	0.000000000606457078
86.50	0.000000000597511149
86.70	0.000000000588714324
86.90	0.000000000580063826
87.10	0.000000000571556933
87.30	0.000000000563190979
87.50	0.000000000554963352
87.70	0.000000000546871500
87.90	0.000000000538912917
88.10	0.000000000531085152
88.30	0.000000000523385801
88.50	0.000000000515812511
88.70	0.000000000508362976
88.90	0.000000000501034938
89.10	0.000000000493826183
89.30	0.000000000486734539
89.50	0.000000000479757879
89.70	0.000000000472894120
89.90	0.000000000466141217
90.10	0.000000000459497174
90.30	0.000000000452960031
90.50	0.000000000446527865
90.70	0.000000000440198788
90.90	0.000000000433970961
91.10	0.000000000427842589
91.30	0.000000000421811896
91.50	0.000000000415877144
91.70	0.000000000410036626
91.90	0.000000000404288674
92.10	0.000000000398631642
92.30	0.000000000393063921
92.50	0.000000000387583936
92.70	0.000000000382190144
92.90	0.000000000376881029
93.10	0.000000000371655106
93.30	0.000000000366510918
93.50	0.000000000361447042
93.70	0.000000000356462078
93.90	0.000000000351554652
94.10	0.000000000346723421
94.30	0.000000000341967067
94.50	0.000000000337284299
94.70	0.000000000332673844
94.90	0.000000000328134457
95.10	0.000000000323664912
95.30	0.000000000319264010
95.50	0.000000000314930574
95.70	0.000000000310663449
95.90	0.000000000306461503
96.10	0.000000000302323622
96.30	0.000000000298248722
96.50	0.000000000294235737
96.70	0.000000000290283617
96.90	0.000000000286391332
97.10	0.000000000282557870
97.30	0.000000000278782240
97.50	0.000000000275063468
97.70	0.000000000271400599
97.90	0.000000000267792696
98.10	0.000000000264238838
98.30	0.000000000260738124
98.50	0.000000000257289665
98.70	0.000000000253892592
98.90	0.000000000250546049
99.10	0.000000000247249199
99.30	0.000000000244001219
99.50	0.000000000240801302
99.70	0.000000000237648653
99.90	0.000000000234542493
100.10	0.000000000231482059
100.30	0.000000000228466598
100.50	0.000000000225495373
100.70	0.000000000222567661
100.90	0.000000000219682748
101.10	0.000000000216839939
101.30	0.000000000214038554
101.50	0.000000000211277920
101.70	0.000000000208557377
101.90	0.000000000205876276
102.10	0.000000000203233979
102.30	0.000000000200629860
102.50	0.000000000198063303
102.70	0.000000000195533706
102.90	0.000000000193040473
103.10	0.000000000190583023
103.30	0.000000000188160781
103.50	0.000000000185773186
103.70	0.000000000183419686
103.90	0.000000000181099739
104.10	0.000000000178812811
104.30	0.000000000176558379
104.50	0.000000000174335930
104.70	0.000000000172144958
104.90	0.000000000169984965
105.10	0.000000000167855462
105.30	0.000000000165755970
105.50	0.000000000163686020
105.70	0.000000000161645149
105.90	0.000000000159632903
106.10	0.000000000157648836
106.30	0.000000000155692508
106.50	0.000000000153763487
106.70	0.000000000151861348
106.90	0.000000000149985673
107.10	0.000000000148136053
107.30	0.000000000146312085
107.50	0.000000000144513374
107.70	0.000000000142739529
107.90	0.000000000140990168
108.10	0.000000000139264915
108.30	0.000000000137563398
108.50	0.000000000135885255
108.70	0.000000000134230127
108.90	0.000000000132597662
109.10	0.000000000130987517
109.30	0.000000000129399350
109.50	0.000000000127832828
109.70	0.000000000126287622
109.90	0.000000000124763407
110.10	0.000000000123259869
110.30	0.000000000121776693
110.50	0.000000000120313575
110.70	0.000000000118870212
110.90	0.000000000117446307
111.10	0.000000000116041567
111.30	0.000000000114655706
111.50	0.000000000113288440
111.70	0.000000000111939493
111.90	0.000000000110608590
112.10	0.000000000109295462
112.30	0.000000000107999846
112.50	0.000000000106721484
112.70	0.000000000105460120
112.90	0.000000000104215503
113.10	0.000000000102987385
113.30	0.000000000101775523
113.50	0.000000000100579676
113.70	0.000000000099399610
113.90	0.000000000098235092
114.10	0.000000000097085896
114.30	0.000000000095951796
114.50	0.000000000094832572
114.70	0.000000000093728007
114.90	0.000000000092637888
115.10	0.000000000091562003
115.30	0.000000000090500146
115.50	0.000000000089452114
115.70	0.000000000088417706
115.90	0.000000000087396725
116.10	0.000000000086388979
116.30	0.000000000085394276
116.50	0.000000000084412427
116.70	0.000000000083443249
116.90	0.000000000082486557
117.10	0.000000000081542175
117.30	0.000000000080609924
117.50	0.000000000079689631
117.70	0.000000000078781128
117.90	0.000000000077884248
118.10	0.000000000076998825
118.30	0.000000000076124696
118.50	0.000000000075261702
118.70	0.000000000074409684
118.90	0.000000000073568487
119.10	0.000000000072737959
119.30	0.000000000071917948
119.50	0.000000000071108307
119.70	0.000000000070308889
119.90	0.000000000069519551
120.10	0.000000000068740154
120.30	0.000000000067970557
120.50	0.000000000067210625
120.70	0.000000000066460222
120.90	0.000000000065719215
121.10	0.000000000064987474
121.30	0.000000000064264870
121.50	0.000000000063551276
121.70	0.000000000062846568
121.90	0.000000000062150621
122.10	0.000000000061463316
122.30	0.000000000060784533
122.50	0.000000000060114155
122.70	0.000000000059452064
122.90	0.000000000058798149
123.10	0.000000000058152296
123.30	0.000000000057514396
123.50	0.000000000056884338
123.70	0.000000000056262017
123.90	0.000000000055647326
124.10	0.000000000055040163
124.30	0.000000000054440424
124.50	0.000000000053848008
124.70	0.000000000053262815
124.90	0.000000000052684749
125.10	0.000000000052113713
125.30	0.000000000051549612
125.50	0.000000000050992354
125.70	0.000000000050441845
125.90	0.000000000049897994
126.10	0.000000000049360713
126.30	0.000000000048829913
126.50	0.000000000048305507
126.70	0.000000000047787409
126.90	0.000000000047275537
127.10	0.000000000046769805
127.30	0.000000000046270133
127.50	0.000000000045776440
127.70	0.000000000045288647
127.90	0.000000000044806675
128.10	0.000000000044330447
128.30	0.000000000043859886
128.50	0.000000000043394919
128.70	0.000000000042935472
128.90	0.000000000042481472
129.10	0.000000000042032847
129.30	0.000000000041589526
129.50	0.000000000041151441
129.70	0.000000000040718523
129.90	0.000000000040290703
130.10	0.000000000039867915
130.30	0.000000000039450093
130.50	0.000000000039037174
130.70	0.000000000038629091
130.90	0.000000000038225783
131.10	0.000000000037827188
131.30	0.000000000037433244
131.50	0.000000000037043893
131.70	0.000000000036659074
131.90	0.000000000036278729
132.10	0.000000000035902800
132.30	0.000000000035531230
132.50	0.000000000035163964
132.70	0.000000000034800945
132.90	0.000000000034442120
133.10	0.000000000034087434
133.30	0.000000000033736835
133.50	0.000000000033390270
133.70	0.000000000033047687
133.90	0.000000000032709036
134.10	0.000000000032374267
134.30	0.000000000032043330
134.50	0.000000000031716176
134.70	0.000000000031392758
134.90	0.000000000031073029
135.10	0.000000000030756944
135.30	0.000000000030444454
135.50	0.000000000030135516
135.70	0.000000000029830084
135.90	0.000000000029528115
136.10	0.000000000029229564
136.30	0.000000000028934389
136.50	0.000000000028642548
136.70	0.000000000028353998
136.90	0.000000000028068699
137.10	0.000000000027786610
137.30	0.000000000027507690
137.50	0.000000000027231900
137.70	0.000000000026959202
137.90	0.000000000026689557
138.10	0.000000000026422927
138.30	0.000000000026159274
138.50	0.000000000025898562
138.70	0.000000000025640755
138.90	0.000000000025385815
139.10	0.000000000025133709
139.30	0.000000000024884402
139.50	0.000000000024637858
139.70	0.000000000024394045
139.90	0.000000000024152928
140.10	0.000000000023914474
140.30	0.000000000023678651
140.50	0.000000000023445427
140.70	0.000000000023214770
140.90	0.000000000022986648
141.10	0.000000000022761032
141.30	0.000000000022537889
141.50	0.000000000022317190
141.70	0.000000000022098906
141.90	0.000000000021883007
142.10	0.000000000021669464
142.30	0.000000000021458249
142.50	0.000000000021249334
142.70	0.000000000021042690
142.90	0.000000000020838291
143.10	0.000000000020636109
143.30	0.000000000020436119
143.50	0.000000000020238293
143.70	0.000000000020042606
143.90	0.000000000019849032
144.10	0.000000000019657545
144.30	0.000000000019468122
144.50	0.000000000019280737
144.70	0.000000000019095365
144.90	0.000000000018911984
145.10	0.000000000018730569
145.30	0.000000000018551096
145.50	0.000000000018373544
145.70	0.000000000018197889
145.90	0.000000000018024108
146.10	0.000000000017852179
146.30	0.000000000017682081
146.50	0.000000000017513792
146.70	0.000000000017347290
146.90	0.000000000017182555
147.10	0.000000000017019567
147.30	0.000000000016858303
147.50	0.000000000016698745
147.70	0.000000000016540872
147.90	0.000000000016384665
148.10	0.000000000016230105
148.30	0.000000000016077171
148.50	0.000000000015925845
148.70	0.000000000015776108
148.90	0.000000000015627942
149.10	0.000000000015481328
149.30	0.000000000015336248
149.50	0.000000000015192685
149.70	0.000000000015050622
149.90	0.000000000014910040
150.10	0.000000000014770923
150.30	0.000000000014633253
150.50	0.000000000014497015
150.70	0.000000000014362191
150.90	0.000000000014228766
151.10	0.000000000014096724
151.30	0.000000000013966048
151.50	0.000000000013836723
151.70	0.000000000013708734
151.90	0.000000000013582065
152.10	0.000000000013456702
152.30	0.000000000013332629
152.50	0.000000000013209833
152.70	0.000000000013088297
152.90	0.000000000012968008
153.10	0.000000000012848952
153.30	0.000000000012731115
153.50	0.000000000012614483
153.70	0.000000000012499042
153.90	0.000000000012384779
154.10	0.000000000012271681
154.30	0.000000000012159734
154.50	0.000000000012048926
154.70	0.000000000011939243
154.90	0.000000000011830673
155.10	0.000000000011723204
155.30	0.000000000011616823
155.50	0.000000000011511518
155.70	0.000000000011407277
155.90	0.000000000011304088
156.10	0.000000000011201939
156.30	0.000000000011100819
156.50	0.000000000011000716
156.70	0.000000000010901619
156.90	0.000000000010803517
157.10	0.000000000010706398
157.30	0.000000000010610253
157.50	0.000000000010515069
157.70	0.000000000010420837
157.90	0.000000000010327546
158.10	0.000000000010235186
158.30	0.000000000010143746
158.50	0.000000000010053216
158.70	0.000000000009963586
158.90	0.000000000009874846
159.10	0.000000000009786987
159.30	0.000000000009699999
159.50	0.000000000009613871
159.70	0.000000000009528596
159.90	0.000000000009444163
160.10	0.000000000009360563
160.30	0.000000000009277788
160.50	0.000000000009195828
160.70	0.000000000009114674
160.90	0.000000000009034318
161.10	0.000000000008954750
161.30	0.000000000008875963
161.50	0.000000000008797948
161.70	0.000000000008720696
161.90	0.000000000008644199
162.10	0.000000000008568450
162.30	0.000000000008493439
162.50	0.000000000008419159
162.70	0.000000000008345603
162.90	0.000000000008272762
163.10	0.000000000008200628
163.30	0.000000000008129195
163.50	0.000000000008058454
163.70	0.000000000007988398
163.90	0.000000000007919019
164.10	0.000000000007850312
164.30	0.000000000007782268
164.50	0.000000000007714880
164.70	0.000000000007648141
164.90	0.000000000007582046
165.10	0.000000000007516586
165.30	0.000000000007451754
165.50	0.000000000007387545
165.70	0.000000000007323952
165.90	0.000000000007260967
166.10	0.000000000007198586
166.30	0.000000000007136800
166.50	0.000000000007075605
166.70	0.000000000007014994
166.90	0.000000000006954960
167.10	0.000000000006895497
167.30	0.000000000006836600
167.50	0.000000000006778263
167.70	0.000000000006720479
167.90	0.000000000006663243
168.10	0.000000000006606550
168.30	0.000000000006550392
168.50	0.000000000006494765
168.70	0.000000000006439664
168.90	0.000000000006385082
169.10	0.000000000006331015
169.30	0.000000000006277457
169.50	0.000000000006224403
169.70	0.000000000006171848
169.90	0.000000000006119786
170.10	0.000000000006068213
170.30	0.000000000006017122
170.50	0.000000000005966510
170.70	0.000000000005916372
170.90	0.000000000005866702
171.10	0.000000000005817495
171.30	0.000000000005768748
171.50	0.000000000005720455
171.70	0.000000000005672611
171.90	0.000000000005625212
172.10	0.000000000005578253
172.30	0.000000000005531731
172.50	0.000000000005485639
172.70	0.000000000005439975
172.90	0.000000000005394733
173.10	0.000000000005349909
173.30	0.000000000005305499
173.50	0.000000000005261499
173.70	0.000000000005217904
173.90	0.000000000005174711
174.10	0.000000000005131916
174.30	0.000000000005089513
174.50	0.000000000005047500
174.70	0.000000000005005872
174.90	0.000000000004964626
175.10	0.000000000004923758
175.30	0.000000000004883263
175.50	0.000000000004843138
175.70	0.000000000004803380
175.90	0.000000000004763984
176.10	0.000000000004724947
176.30	0.000000000004686266
176.50	0.000000000004647936
176.70	0.000000000004609955
176.90	0.000000000004572318
177.10	0.000000000004535023
177.30	0.000000000004498065
177.50	0.000000000004461442
177.70	0.000000000004425151
177.90	0.000000000004389187
178.10	0.000000000004353547
178.30	0.000000000004318229
178.50	0.000000000004283229
178.70	0.000000000004248544
178.90	0.000000000004214171
179.10	0.000000000004180107
179.30	0.000000000004146348
179.50	0.000000000004112893
179.70	0.000000000004079737
179.90	0.000000000004046877
180.10	0.000000000004014312
180.30	0.000000000003982037
180.50	0.000000000003950051
180.70	0.000000000003918350
180.90	0.000000000003886931
181.10	0.000000000003855792
181.30	0.000000000003824930
181.50	0.000000000003794342
181.70	0.000000000003764025
181.90	0.000000000003733978
182.10	0.000000000003704196
182.30	0.000000000003674678
182.50	0.000000000003645422
182.70	0.000000000003616423
182.90	0.000000000003587681
183.10	0.000000000003559192
183.30	0.000000000003530954
183.50	0.000000000003502965
183.70	0.000000000003475222
183.90	0.000000000003447723
184.10	0.000000000003420465
184.30	0.000000000003393446
184.50	0.000000000003366664
184.70	0.000000000003340117
184.90	0.000000000003313802
185.10	0.000000000003287716
185.30	0.000000000003261859
185.50	0.000000000003236227
185.70	0.000000000003210818
185.90	0.000000000003185631
186.10	0.000000000003160663
186.30	0.000000000003135912
186.50	0.000000000003111375
186.70	0.000000000003087052
186.90	0.000000000003062940
187.10	0.000000000003039036
187.30	0.000000000003015340
187.50	0.000000000002991848
187.70	0.000000000002968559
187.90	0.000000000002945471
188.10	0.000000000002922582
188.30	0.000000000002899891
188.50	0.000000000002877394
188.70	0.000000000002855092
188.90	0.000000000002832980
189.10	0.000000000002811059
189.30	0.000000000002789326
189.50	0.000000000002767778
189.70	0.000000000002746416
189.90	0.000000000002725236
190.10	0.000000000002704236
190.30	0.000000000002683417
190.50	0.000000000002662775
190.70	0.000000000002642309
190.90	0.000000000002622017
191.10	0.000000000002601898
191.30	0.000000000002581950
191.50	0.000000000002562171
191.70	0.000000000002542561
191.90	0.000000000002523116
192.10	0.000000000002503837
192.30	0.000000000002484720
192.50	0.000000000002465766
192.70	0.000000000002446972
192.90	0.000000000002428336
193.10	0.000000000002409858
193.30	0.000000000002391535
193.50	0.000000000002373367
193.70	0.000000000002355352
193.90	0.000000000002337489
194.10	0.000000000002319775
194.30	0.000000000002302210
194.50	0.000000000002284793
194.70	0.000000000002267521
194.90	0.000000000002250395
195.10	0.000000000002233411
195.30	0.000000000002216569
195.50	0.000000000002199869
195.70	0.000000000002183307
195.90	0.000000000002166884
196.10	0.000000000002150597
196.30	0.000000000002134446
196.50	0.000000000002118429
196.70	0.000000000002102546
196.90	0.000000000002086794
197.10	0.000000000002071173
197.30	0.000000000002055682
197.50	0.000000000002040318
197.70	0.000000000002025082
197.90	0.000000000002009972
198.10	0.000000000001994987
198.30	0.000000000001980126
198.50	0.000000000001965387
198.70	0.000000000001950769
198.90	0.000000000001936272
199.10	0.000000000001921894
199.30	0.000000000001907634
199.50	0.000000000001893492
199.70	0.000000000001879465
199.90	0.000000000001865554
200.10	0.000000000001851756
